[Demo] Running Kalman Filter Analysis Demo
[est::StateEstimator::StateEstimator]
[hw::HardwareManager::HardwareManager]
[hw::SensorDriver::SensorDriver]
[BSplineTrajectory] Initialized with 4 wheels
[BSplineTrajectoryManager] Initialized with B-spline trajectory planner
[UniformBSplineTrajectoryPlanner] Initialized with uniform B-spline approach
[BezierTrajectoryPlanner] Initialized with RoboJackets-style Bezier approach
[rob::RobotManager::RobotManager]
[est::StateEstimator::StateEstimator]
[est::StateEstimator::StateEstimator]
[hw::HardwareManager::HardwareManager]
[rob::RobotManager::ControlLogic] Gyro checks disabled. Going to IDLE state.
[hw::SensorDriver::SensorDriver]
[UniformBSplineTrajectoryPlanner] Feedback gains set to: kp=0.1, kd=0.05
Test 3: Circular trajectory
Waypoints:
  0: (0.3, 0, 0)
  1: (0.277164, 0.114805, 0.392699)
  2: (0.212132, 0.212132, 0.785398)
  3: (0.114805, 0.277164, 1.1781)
  4: (1.83697e-17, 0.3, 1.5708)
  5: (-0.114805, 0.277164, 1.9635)
  6: (-0.212132, 0.212132, 2.35619)
  7: (-0.277164, 0.114805, 2.74889)
  8: (-0.3, 3.67394e-17, 3.14159)
  9: (-0.277164, -0.114805, 3.53429)
  10: (-0.212132, -0.212132, 3.92699)
  11: (-0.114805, -0.277164, 4.31969)
  12: (-5.51091e-17, -0.3, 4.71239)
  13: (0.114805, -0.277164, 5.10509)
  14: (0.212132, -0.212132, 5.49779)
  15: (0.277164, -0.114805, 5.89049)
  16: (0.3, -7.34788e-17, 6.28319)
Using Uniform B-spline trajectory
[rob::RobotManager::SetTrajectoryManagerType] Set to UNIFORM_B_SPLINE
[rob::RobotManager::SetUniformBSplinePath] Uniform B-spline trajectory for smooth waypoint following: 0.3   0   0 -> 0.277164 0.114805 0.392699 -> 0.212132 0.212132 0.785398 -> 0.114805 0.277164   1.1781 -> 1.83697e-17         0.3      1.5708 -> -0.114805  0.277164    1.9635 -> -0.212132  0.212132   2.35619 -> -0.277164  0.114805   2.74889 ->        -0.3 3.67394e-17     3.14159 -> -0.277164 -0.114805   3.53429 -> -0.212132 -0.212132   3.92699 -> -0.114805 -0.277164   4.31969 -> -5.51091e-17         -0.3      4.71239 ->  0.114805 -0.277164   5.10509 ->  0.212132 -0.212132   5.49779 ->  0.277164 -0.114805   5.89049 ->          0.3 -7.34788e-17      6.28319
[UniformBSplineTrajectoryPlanner::SetPath] Setting path with 17 waypoints
[UniformBSplineTrajectoryPlanner::SetPath] Field boundaries: [-4.5, 4.5] x [-3, 3]
[UniformBSplineTrajectoryPlanner::SetPath] Trajectory generated successfully. Control points: 49, Arc length: 2.15916m, Duration: 4.29895s
[DEBUG] Spline start: (0.3, 0, 0)
[DEBUG] Spline end: (0.3, -7.34788e-17, 6.28319)
[DEBUG] Expected end: (0.3, -7.34788e-17, 6.28319)
[DEBUG] Control points:
  CP[0]: (0.3, 0, 0)
  CP[1]: (0.3, 0, 0)
  CP[2]: (0.292771, 0.0363422, 0.392699)
  CP[3]: (0.28941, 0.0852409, 0.392699)
  CP[4]: (0.232718, 0.181323, 0.392699)
  CP[5]: (0.256578, 0.145614, 0.785398)
  CP[6]: (0.234759, 0.189505, 0.785398)
  CP[7]: (0.145614, 0.256578, 0.785398)
  CP[8]: (0.181323, 0.232718, 1.1781)
  CP[9]: (0.144369, 0.264918, 1.1781)
  CP[10]: (0.0363422, 0.292771, 1.1781)
  CP[11]: (0.0784628, 0.284393, 1.5708)
  CP[12]: (0.032, 0.3, 1.5708)
  CP[13]: (-0.0784628, 0.284393, 1.5708)
  CP[14]: (-0.0363422, 0.292771, 1.9635)
  CP[15]: (-0.0852409, 0.28941, 1.9635)
  CP[16]: (-0.181323, 0.232718, 1.9635)
  CP[17]: (-0.145614, 0.256578, 2.35619)
  CP[18]: (-0.189505, 0.234759, 2.35619)
  CP[19]: (-0.256578, 0.145614, 2.35619)
  CP[20]: (-0.232718, 0.181323, 2.74889)
  CP[21]: (-0.264918, 0.144369, 2.74889)
  CP[22]: (-0.292771, 0.0363422, 2.74889)
  CP[23]: (-0.284393, 0.0784628, 3.14159)
  CP[24]: (-0.3, 0.032, 3.14159)
  CP[25]: (-0.284393, -0.0784628, 3.14159)
  CP[26]: (-0.292771, -0.0363422, 3.53429)
  CP[27]: (-0.28941, -0.0852409, 3.53429)
  CP[28]: (-0.232718, -0.181323, 3.53429)
  CP[29]: (-0.256578, -0.145614, 3.92699)
  CP[30]: (-0.234759, -0.189505, 3.92699)
  CP[31]: (-0.145614, -0.256578, 3.92699)
  CP[32]: (-0.181323, -0.232718, 4.31969)
  CP[33]: (-0.144369, -0.264918, 4.31969)
  CP[34]: (-0.0363422, -0.292771, 4.31969)
  CP[35]: (-0.0784628, -0.284393, 4.71239)
  CP[36]: (-0.032, -0.3, 4.71239)
  CP[37]: (0.0784628, -0.284393, 4.71239)
  CP[38]: (0.0363422, -0.292771, 5.10509)
  CP[39]: (0.0852409, -0.28941, 5.10509)
  CP[40]: (0.181323, -0.232718, 5.10509)
  CP[41]: (0.145614, -0.256578, 5.49779)
  CP[42]: (0.189505, -0.234759, 5.49779)
  CP[43]: (0.256578, -0.145614, 5.49779)
  CP[44]: (0.232718, -0.181323, 5.89049)
  CP[45]: (0.264918, -0.144369, 5.89049)
  CP[46]: (0.292771, -0.0363422, 5.89049)
  CP[47]: (0.3, -7.34788e-17, 6.28319)
  CP[48]: (0.3, -7.34788e-17, 6.28319)
[rob::RobotManager::SetUniformBSplinePath] Finish creating Uniform B-spline trajectories
Starting simulation with camera updates every 50 ms
Camera noise: position=20mm, orientation=2.86479 degrees
Camera bias: x=5mm, y=-3mm, theta=0.572958 deg

===== UPDATE STEP (Camera Measurement) #1 =====
Camera Input: 0.0399872 0.0113985  0.020478
Position before update: 0 0 0
Innovation (measurement - prediction): 0.0399872 0.0113985  0.020478
Kalman Gain K:
  0.9999        0        0
       0   0.9999        0
       0        0 0.997506
Corrected Position: 0.0399832 0.0113973  0.020427
Innovation Covariance S:
 1.0001       0       0
      0  1.0001       0
      0       0 39.5771
P-Matrix before update:
      1       0       0
      0       1       0
      0       0 39.4784
P-Matrix after update:
9.999e-05         0         0
        0 9.999e-05         0
        0         0 0.0984499
[Demo] Dead reckoning initialized at pose: 0.0442851, 0.00712841, 0

===== UPDATE STEP (Camera Measurement) #2 =====
Camera Input:   0.10271 0.0204202 0.0184488
Position before update: 0.0904481 0.0205825  0.020427
Innovation (measurement - prediction):   0.0122618 -0.00016226 -0.00197817
Kalman Gain K:
    0.990203 -3.58089e-05 -1.46667e-05
-3.58089e-05     0.990393  8.05816e-05
  -0.0144754    0.0795309     0.832574
Corrected Position:   0.10259 0.0204212 0.0185896
Innovation Covariance S:
   0.0102083 -4.56342e-05 -0.000904275
-4.56342e-05    0.0104507   0.00496827
-0.000904275   0.00496827      0.59193
P-Matrix before update:
   0.0101083 -4.56342e-05 -0.000904275
-4.56342e-05    0.0103507   0.00496827
-0.000904275   0.00496827     0.493234
P-Matrix after update:
 9.90203e-05 -3.58089e-09 -1.44754e-06
-3.58089e-09  9.90393e-05  7.95309e-06
-1.44754e-06  7.95309e-06    0.0821718

===== UPDATE STEP (Camera Measurement) #3 =====
Camera Input:   0.113713 0.00885008 -0.0319361
Position before update:  0.146425 0.0284555 0.0185896
Innovation (measurement - prediction): -0.0327122 -0.0196054 -0.0505256
Kalman Gain K:
     0.99669 -5.68539e-06 -9.42027e-06
-5.68539e-06      0.99672  5.10797e-05
 -0.00929744    0.0504136     0.926895
Corrected Position:   0.113822 0.00891199 -0.0289266
Innovation Covariance S:
   0.0302199 -0.000113438  -0.00392157
-0.000113438    0.0308153    0.0212648
 -0.00392157    0.0212648      1.36522
P-Matrix before update:
   0.0301199 -0.000113438  -0.00392157
-0.000113438    0.0307153    0.0212648
 -0.00392157    0.0212648      1.26652
P-Matrix after update:
  9.9669e-05 -5.68539e-10 -9.29744e-07
-5.68539e-10   9.9672e-05  5.04136e-06
-9.29744e-07  5.04136e-06    0.0914809

===== UPDATE STEP (Camera Measurement) #4 =====
Camera Input:  0.159758 0.0246904 0.0235251
Position before update:    0.15818   0.015212 -0.0289266
Innovation (measurement - prediction): 0.00157772 0.00947838  0.0524518
Kalman Gain K:
    0.996689 -4.54087e-06 -8.50284e-06
-4.54087e-06      0.99672  5.91124e-05
 -0.00839197    0.0583416     0.927123
Corrected Position:  0.159752 0.0246624 0.0202424
Innovation Covariance S:
   0.0302149 -0.000106078  -0.00356424
-0.000106078    0.0309383    0.0247798
 -0.00356424    0.0247798      1.37453
P-Matrix before update:
   0.0301149 -0.000106078  -0.00356424
-0.000106078    0.0308383    0.0247798
 -0.00356424    0.0247798      1.27583
P-Matrix after update:
 9.96689e-05 -4.54087e-10 -8.39197e-07
-4.54087e-10   9.9672e-05  5.83416e-06
-8.39197e-07  5.83416e-06    0.0915034

===== UPDATE STEP (Camera Measurement) #5 =====
Camera Input:   0.232088  0.0176896 -0.0673606
Position before update:  0.207459 0.0348756 0.0202424
Innovation (measurement - prediction): 0.0246289 -0.017186 -0.087603
Kalman Gain K:
    0.995051 -9.37938e-06 -9.96249e-06
-9.37938e-06     0.995093  4.39467e-05
 -0.00983258    0.0433736     0.898857
Corrected Position:   0.231967  0.0177698 -0.0594878
Innovation Covariance S:
   0.020212 -5.6448e-05 -0.00198912
-5.6448e-05   0.0204577  0.00877848
-0.00198912  0.00877848    0.979768
P-Matrix before update:
   0.020112 -5.6448e-05 -0.00198912
-5.6448e-05   0.0203577  0.00877848
-0.00198912  0.00877848    0.881072
P-Matrix after update:
 9.95051e-05 -9.37938e-10 -9.83258e-07
-9.37938e-10  9.95093e-05  4.33736e-06
-9.83258e-07  4.33736e-06    0.0887137

===== UPDATE STEP (Camera Measurement) #6 =====
Camera Input:  0.273492   0.10334 0.0432703
Position before update:   0.267438  0.0253589 -0.0594878
Innovation (measurement - prediction): 0.00605384  0.0779812   0.102758
Kalman Gain K:
     0.99669 -3.73455e-06 -8.47324e-06
-3.73455e-06     0.996705  3.38932e-05
 -0.00836275    0.0334513     0.927686
Corrected Position:  0.273471  0.103087 0.0383974
Innovation Covariance S:
   0.0302165 -7.05277e-05  -0.00352701
-7.05277e-05    0.0304945    0.0141144
 -0.00352701    0.0141144      1.37176
P-Matrix before update:
   0.0301165 -7.05277e-05  -0.00352701
-7.05277e-05    0.0303945    0.0141144
 -0.00352701    0.0141144      1.27307
P-Matrix after update:
  9.9669e-05 -3.73455e-10 -8.36275e-07
-3.73455e-10  9.96705e-05  3.34513e-06
-8.36275e-07  3.34513e-06    0.0915589

===== UPDATE STEP (Camera Measurement) #7 =====
Camera Input:  0.253341 0.0762593 0.0883329
Position before update:  0.286864  0.111407 0.0383974
Innovation (measurement - prediction): -0.0335225 -0.0351481  0.0499355
Kalman Gain K:
    0.995051 -3.06455e-06 -1.36909e-05
-3.06455e-06     0.995054  1.94081e-05
  -0.0135124     0.019155     0.899159
Corrected Position:  0.253506 0.0764342  0.083077
Innovation Covariance S:
   0.0202157 -2.31725e-05  -0.00271324
-2.31725e-05    0.0202335   0.00384652
 -0.00271324   0.00384652     0.979823
P-Matrix before update:
   0.0201157 -2.31725e-05  -0.00271324
-2.31725e-05    0.0201335   0.00384652
 -0.00271324   0.00384652     0.881127
P-Matrix after update:
 9.95051e-05 -3.06455e-10 -1.35124e-06
-3.06455e-10  9.95054e-05   1.9155e-06
-1.35124e-06   1.9155e-06    0.0887434

===== UPDATE STEP (Camera Measurement) #8 =====
Camera Input:  0.290715 0.0613193 0.0406853
Position before update: 0.258841   0.0835 0.083077
Innovation (measurement - prediction):  0.0318743 -0.0221807 -0.0423917
Kalman Gain K:
    0.995051 -1.07167e-06 -1.10561e-05
-1.07167e-06      0.99505  8.56428e-06
  -0.0109119    0.0084526     0.898942
Corrected Position:  0.290558 0.0614287  0.044434
Innovation Covariance S:
   0.0202101 -8.15259e-06  -0.00218291
-8.15259e-06    0.0202058   0.00169092
 -0.00218291   0.00169092     0.977008
P-Matrix before update:
   0.0201101 -8.15259e-06  -0.00218291
-8.15259e-06    0.0201058   0.00169092
 -0.00218291   0.00169092     0.878312
P-Matrix after update:
 9.95051e-05 -1.07167e-10 -1.09119e-06
-1.07167e-10   9.9505e-05   8.4526e-07
-1.09119e-06   8.4526e-07     0.088722

===== UPDATE STEP (Camera Measurement) #9 =====
Camera Input:   0.286547  0.0855645 -0.0368891
Position before update:  0.291944 0.0676751  0.044434
Innovation (measurement - prediction): -0.00539725   0.0178893  -0.0813231
Kalman Gain K:
    0.996689 -1.20109e-07 -7.16624e-06
-1.20109e-07     0.996689  8.40193e-07
  -0.0070728  0.000829238     0.928037
Corrected Position:   0.286565  0.0855052 -0.0309838
Innovation Covariance S:
  0.0302119 -1.8493e-06 -0.00296935
-1.8493e-06   0.0301998 0.000348176
-0.00296935 0.000348176     1.37177
P-Matrix before update:
  0.0301119 -1.8493e-06 -0.00296935
-1.8493e-06   0.0300998 0.000348176
-0.00296935 0.000348176     1.27307
P-Matrix after update:
 9.96689e-05 -1.20109e-11  -7.0728e-07
-1.20109e-11  9.96689e-05  8.29238e-08
 -7.0728e-07  8.29238e-08    0.0915935

===== UPDATE STEP (Camera Measurement) #10 =====
Camera Input:  0.314243 0.0715922  0.020489
Position before update:   0.285476  0.0945936 -0.0309838
Innovation (measurement - prediction):  0.0287672 -0.0230014  0.0514728
Kalman Gain K:
     0.99669   2.0622e-07 -1.10678e-05
  2.0622e-07     0.996689 -1.95438e-06
  -0.0109235   -0.0019289     0.928165
Corrected Position:  0.314147 0.0716683 0.0165215
Innovation Covariance S:
   0.0302274  4.59555e-06   -0.0045966
 4.59555e-06    0.0302005 -0.000811633
  -0.0045966 -0.000811633      1.37464
P-Matrix before update:
   0.0301274  4.59555e-06   -0.0045966
 4.59555e-06    0.0301005 -0.000811633
  -0.0045966 -0.000811633      1.27595
P-Matrix after update:
  9.9669e-05   2.0622e-11 -1.09235e-06
  2.0622e-11  9.96689e-05  -1.9289e-07
-1.09235e-06  -1.9289e-07    0.0916062

===== UPDATE STEP (Camera Measurement) #11 =====
Camera Input:  0.286969  0.070984 0.0625491
Position before update:  0.307174 0.0893683 0.0165215
Innovation (measurement - prediction): -0.0202053 -0.0183843  0.0460276
Kalman Gain K:
    0.996694  2.23557e-06 -2.46538e-05
 2.23557e-06      0.99669 -1.01289e-05
  -0.0243323  -0.00999678     0.927991
Corrected Position:  0.287035 0.0710443 0.0599101
Innovation Covariance S:
  0.0303265 5.18566e-05  -0.0102547
5.18566e-05   0.0302209 -0.00421298
 -0.0102547 -0.00421298     1.37465
P-Matrix before update:
  0.0302265 5.18566e-05  -0.0102547
5.18566e-05   0.0301209 -0.00421298
 -0.0102547 -0.00421298     1.27596
P-Matrix after update:
 9.96694e-05  2.23557e-10 -2.43323e-06
 2.23557e-10   9.9669e-05 -9.99678e-07
-2.43323e-06 -9.99678e-07     0.091589

===== UPDATE STEP (Camera Measurement) #12 =====
Camera Input:  0.252831  0.144344 0.0385367
Position before update:  0.273285 0.0957494 0.0599101
Innovation (measurement - prediction): -0.0204538  0.0485951 -0.0213734
Kalman Gain K:
    0.996699  6.03666e-06 -3.37172e-05
 6.03666e-06     0.996692 -1.95227e-05
  -0.0332775   -0.0192682     0.927748
Corrected Position:  0.252899  0.144184 0.0398253
Innovation Covariance S:
  0.0304403 0.000138515  -0.0140569
0.000138515   0.0302795 -0.00813869
 -0.0140569 -0.00813869     1.37464
P-Matrix before update:
  0.0303403 0.000138515  -0.0140569
0.000138515   0.0301795 -0.00813869
 -0.0140569 -0.00813869     1.27594
P-Matrix after update:
 9.96699e-05  6.03666e-10 -3.32775e-06
 6.03666e-10  9.96692e-05 -1.92682e-06
-3.32775e-06 -1.92682e-06     0.091565

===== UPDATE STEP (Camera Measurement) #13 =====
Camera Input:  0.30298 0.127863 0.058592
Position before update:  0.239228   0.16703 0.0398253
Innovation (measurement - prediction):  0.0637516 -0.0391674  0.0187667
Kalman Gain K:
    0.996697   5.0982e-06 -3.04005e-05
  5.0982e-06     0.996692 -1.83206e-05
  -0.0300041   -0.0180817     0.927824
Corrected Position:  0.302769  0.127992 0.0560329
Innovation Covariance S:
   0.030394 0.000116972  -0.0126643
0.000116972   0.0302701 -0.00763195
 -0.0126643 -0.00763195     1.37461
P-Matrix before update:
   0.030294 0.000116972  -0.0126643
0.000116972   0.0301701 -0.00763195
 -0.0126643 -0.00763195     1.27592
P-Matrix after update:
 9.96697e-05   5.0982e-10 -3.00041e-06
  5.0982e-10  9.96692e-05 -1.80817e-06
-3.00041e-06 -1.80817e-06    0.0915726

===== UPDATE STEP (Camera Measurement) #14 =====
Camera Input:    0.234846    0.125757 -0.00403633
Position before update:  0.296476  0.142207 0.0560329
Innovation (measurement - prediction): -0.0616302 -0.0164497 -0.0600693
Kalman Gain K:
    0.996692  1.36237e-06 -1.37205e-05
 1.36237e-06     0.996689  -2.8424e-06
  -0.0135416  -0.00280533     0.928143
Corrected Position:   0.23505  0.125812 0.0011608
Innovation Covariance S:
  0.0302517 1.73446e-05 -0.00570164
1.73446e-05   0.0302075 -0.00118258
-0.00570164 -0.00118258     1.37462
P-Matrix before update:
  0.0301517 1.73446e-05 -0.00570164
1.73446e-05   0.0301075 -0.00118258
-0.00570164 -0.00118258     1.27593
P-Matrix after update:
 9.96692e-05  1.36237e-10 -1.35416e-06
 1.36237e-10  9.96689e-05 -2.80533e-07
-1.35416e-06 -2.80533e-07     0.091604

===== UPDATE STEP (Camera Measurement) #15 =====
Camera Input:  0.297959  0.169794 0.0676631
Position before update:  0.232816  0.132909 0.0011608
Innovation (measurement - prediction): 0.0651428 0.0368845 0.0665023
Kalman Gain K:
    0.996691  1.35194e-06 -1.47015e-05
 1.35194e-06      0.99669 -1.01135e-05
  -0.0145098  -0.00998158     0.928108
Corrected Position:  0.297742  0.169671 0.0615688
Innovation Covariance S:
  0.0302451 3.10149e-05 -0.00610859
3.10149e-05   0.0302216 -0.00420226
-0.00610859 -0.00420226     1.37465
P-Matrix before update:
  0.0301451 3.10149e-05 -0.00610859
3.10149e-05   0.0301216 -0.00420226
-0.00610859 -0.00420226     1.27596
P-Matrix after update:
 9.96691e-05  1.35194e-10 -1.45098e-06
 1.35194e-10   9.9669e-05 -9.98158e-07
-1.45098e-06 -9.98158e-07    0.0916006

===== UPDATE STEP (Camera Measurement) #16 =====
Camera Input: 0.266422 0.178435 0.023439
Position before update:  0.278169  0.189239 0.0615688
Innovation (measurement - prediction): -0.0117471 -0.0108035 -0.0381298
Kalman Gain K:
    0.996695  6.10288e-06 -2.33193e-05
 6.10288e-06     0.996695 -2.42074e-05
  -0.0230152   -0.0238917     0.927865
Corrected Position: 0.266462 0.178472 0.026718
Innovation Covariance S:
  0.0303231 0.000127162 -0.00971692
0.000127162   0.0303307  -0.0100863
-0.00971692  -0.0100863     1.37465
P-Matrix before update:
  0.0302231 0.000127162 -0.00971692
0.000127162   0.0302307  -0.0100863
-0.00971692  -0.0100863     1.27595
P-Matrix after update:
 9.96695e-05  6.10288e-10 -2.30152e-06
 6.10288e-10  9.96695e-05 -2.38917e-06
-2.30152e-06 -2.38917e-06    0.0915766

===== UPDATE STEP (Camera Measurement) #17 =====
Camera Input:  0.174839  0.201476 0.0145052
Position before update:  0.23903 0.202614 0.026718
Innovation (measurement - prediction): -0.0641915 -0.0011378 -0.0122128
Kalman Gain K:
    0.996697  9.40791e-06  -2.5529e-05
 9.40791e-06     0.996699 -2.94196e-05
  -0.0251961    -0.029036     0.927747
Corrected Position: 0.175051  0.20148 0.017038
Innovation Covariance S:
  0.0303577 0.000181545  -0.0106593
0.000181545   0.0304082  -0.0122833
 -0.0106593  -0.0122833     1.37463
P-Matrix before update:
  0.0302577 0.000181545  -0.0106593
0.000181545   0.0303082  -0.0122833
 -0.0106593  -0.0122833     1.27593
P-Matrix after update:
 9.96697e-05  9.40791e-10 -2.51961e-06
 9.40791e-10  9.96699e-05  -2.9036e-06
-2.51961e-06  -2.9036e-06    0.0915649

===== UPDATE STEP (Camera Measurement) #18 =====
Camera Input:  0.173366  0.207573 0.0645041
Position before update: 0.153192  0.21927 0.017038
Innovation (measurement - prediction):  0.0201739 -0.0116968  0.0474661
Kalman Gain K:
    0.996694  6.02028e-06 -2.14838e-05
 6.02028e-06     0.996696 -2.68124e-05
  -0.0212036   -0.0264628     0.927848
Corrected Position:  0.173298  0.207611 0.0609611
Innovation Covariance S:
  0.0303024 0.000127868 -0.00895198
0.000127868   0.0303588  -0.0111721
-0.00895198  -0.0111721     1.37461
P-Matrix before update:
  0.0302024 0.000127868 -0.00895198
0.000127868   0.0302588  -0.0111721
-0.00895198  -0.0111721     1.27592
P-Matrix after update:
 9.96694e-05  6.02028e-10 -2.12036e-06
 6.02028e-10  9.96696e-05 -2.64628e-06
-2.12036e-06 -2.64628e-06    0.0915749

===== PREDICTION STEP (Encoder Update) #50 =====
Position after prediction:  0.155744  0.224992 0.0609611
P-Matrix (State Covariance) after prediction:
  0.0301935 0.000103136 -0.00818515
0.000103136   0.0302168 -0.00977776
-0.00818515 -0.00977776     1.27593

===== UPDATE STEP (Camera Measurement) #19 =====
Camera Input:    0.19172   0.235416 0.00656345
Position before update:  0.155744  0.224992 0.0609611
Innovation (measurement - prediction):  0.0359765  0.0104237 -0.0543976
Kalman Gain K:
    0.996694  4.90972e-06 -1.96527e-05
 4.90972e-06     0.996694 -2.34872e-05
  -0.0193965   -0.0231809     0.927921
Corrected Position:   0.191602   0.235383 0.00954493
Innovation Covariance S:
  0.0302935 0.000103136 -0.00818515
0.000103136   0.0303168 -0.00977776
-0.00818515 -0.00977776     1.37462
P-Matrix before update:
  0.0301935 0.000103136 -0.00818515
0.000103136   0.0302168 -0.00977776
-0.00818515 -0.00977776     1.27593
P-Matrix after update:
 9.96694e-05  4.90972e-10 -1.93965e-06
 4.90972e-10  9.96694e-05 -2.31809e-06
-1.93965e-06 -2.31809e-06    0.0915821

===== UPDATE STEP (Camera Measurement) #20 =====
Camera Input: 0.135749 0.228616 -0.01873
Position before update:   0.161165   0.249255 0.00954493
Innovation (measurement - prediction): -0.0254161 -0.0206388 -0.0282749
Kalman Gain K:
    0.996692  7.40793e-06 -1.57968e-05
 7.40793e-06     0.996705 -3.67701e-05
  -0.0155908   -0.0362907     0.927722
Corrected Position:   0.135833   0.228685 -0.0155411
Innovation Covariance S:
  0.0302614 0.000141693 -0.00659865
0.000141693   0.0305252  -0.0153571
-0.00659865  -0.0153571     1.37463
P-Matrix before update:
  0.0301614 0.000141693 -0.00659865
0.000141693   0.0304252  -0.0153571
-0.00659865  -0.0153571     1.27593
P-Matrix after update:
 9.96692e-05  7.40793e-10 -1.55908e-06
 7.40793e-10  9.96705e-05 -3.62907e-06
-1.55908e-06 -3.62907e-06    0.0915624

===== UPDATE STEP (Camera Measurement) #21 =====
Camera Input:  0.113753  0.286939 0.0567186
Position before update:   0.103015   0.240939 -0.0155411
Innovation (measurement - prediction): 0.0107379 0.0460007 0.0722597
Kalman Gain K:
    0.996691   5.3297e-06 -1.27249e-05
  5.3297e-06     0.996703 -3.57022e-05
  -0.0125589   -0.0352366      0.92777
Corrected Position:  0.113717  0.286785 0.0497436
Innovation Covariance S:
   0.030238 0.000106386 -0.00530954
0.000106386    0.030495  -0.0148952
-0.00530954  -0.0148952     1.37461
P-Matrix before update:
   0.030138 0.000106386 -0.00530954
0.000106386    0.030395  -0.0148952
-0.00530954  -0.0148952     1.27591
P-Matrix after update:
 9.96691e-05   5.3297e-10 -1.25589e-06
  5.3297e-10  9.96703e-05 -3.52366e-06
-1.25589e-06 -3.52366e-06    0.0915673

===== UPDATE STEP (Camera Measurement) #22 =====
Camera Input: 0.0843301  0.292352 0.0772961
Position before update: 0.0984859  0.295678 0.0497436
Innovation (measurement - prediction): -0.0141558  -0.003326  0.0275525
Kalman Gain K:
     0.99669  1.34309e-06 -1.02113e-05
 1.34309e-06     0.996691 -1.46736e-05
  -0.0100781   -0.0144823     0.928106
Corrected Position: 0.0843767  0.292363 0.0755061
Innovation Covariance S:
  0.0302231  3.1086e-05 -0.00424292
 3.1086e-05   0.0302513 -0.00609813
-0.00424292 -0.00609813     1.37462
P-Matrix before update:
  0.0301231  3.1086e-05 -0.00424292
 3.1086e-05   0.0301513 -0.00609813
-0.00424292 -0.00609813     1.27592
P-Matrix after update:
  9.9669e-05  1.34309e-10 -1.00781e-06
 1.34309e-10  9.96691e-05 -1.44823e-06
-1.00781e-06 -1.44823e-06    0.0916004

===== UPDATE STEP (Camera Measurement) #23 =====
Camera Input:   0.0434328    0.261514 -0.00266329
Position before update: 0.0483898  0.296238 0.0755061
Innovation (measurement - prediction): -0.00495703   -0.034724  -0.0781693
Kalman Gain K:
    0.996689  2.12763e-06 -3.92454e-06
 2.12763e-06      0.99671 -4.37719e-05
 -0.00387337   -0.0432011     0.927623
Corrected Position:  0.0434494   0.261632 0.00451368
Innovation Covariance S:
  0.0302036 4.13724e-05 -0.00164109
4.13724e-05    0.030643  -0.0182927
-0.00164109  -0.0182927     1.37465
P-Matrix before update:
  0.0301036 4.13724e-05 -0.00164109
4.13724e-05    0.030543  -0.0182927
-0.00164109  -0.0182927     1.27595
P-Matrix after update:
 9.96689e-05  2.12763e-10 -3.87337e-07
 2.12763e-10   9.9671e-05 -4.32011e-06
-3.87337e-07 -4.32011e-06    0.0915527

===== UPDATE STEP (Camera Measurement) #24 =====
Camera Input: 0.0228774  0.275684 0.0669315
Position before update: 0.00010147   0.263119 0.00451368
Innovation (measurement - prediction): 0.0227759 0.0125655 0.0624179
Kalman Gain K:
    0.996689  5.23711e-07 -7.14443e-08
 5.23711e-07     0.996717 -4.84214e-05
-7.05127e-05     -0.04779     0.927495
Corrected Position:  0.022802   0.27564 0.0618039
Innovation Covariance S:
   0.0301999  5.30221e-06 -3.28651e-05
 5.30221e-06    0.0307585   -0.0202739
-3.28651e-05   -0.0202739       1.3746
P-Matrix before update:
   0.0300999  5.30221e-06 -3.28651e-05
 5.30221e-06    0.0306585   -0.0202739
-3.28651e-05   -0.0202739      1.27591
P-Matrix after update:
 9.96689e-05  5.23711e-11 -7.05127e-09
 5.23711e-11  9.96717e-05   -4.779e-06
-7.05127e-09   -4.779e-06    0.0915401

===== UPDATE STEP (Camera Measurement) #25 =====
Camera Input: -0.020987  0.271539   0.04692
Position before update: -0.0205657   0.279523  0.0618039
Innovation (measurement - prediction): -0.000421231  -0.00798411   -0.0148839
Kalman Gain K:
     0.99669  2.24582e-06 -4.53902e-08
 2.24582e-06     0.996716 -5.17985e-05
-4.47984e-05   -0.0511231     0.927393
Corrected Position: -0.0209856   0.271566  0.0484088
Innovation Covariance S:
  0.0302072 2.11902e-05 -3.3558e-05
2.11902e-05   0.0307973  -0.0216846
-3.3558e-05  -0.0216846     1.37459
P-Matrix before update:
  0.0301072 2.11902e-05 -3.3558e-05
2.11902e-05   0.0306973  -0.0216846
-3.3558e-05  -0.0216846     1.27589
P-Matrix after update:
  9.9669e-05  2.24582e-10 -4.47984e-09
 2.24582e-10  9.96716e-05 -5.11231e-06
-4.47984e-09 -5.11231e-06      0.09153

===== UPDATE STEP (Camera Measurement) #26 =====
Camera Input: -0.0659952   0.307052  0.0240035
Position before update: -0.0597248   0.256679  0.0484088
Innovation (measurement - prediction): -0.00627038   0.0503728  -0.0244053
Kalman Gain K:
    0.996692 -9.28786e-06  1.80657e-05
-9.28786e-06     0.996712 -4.46095e-05
   0.0178301   -0.0440278     0.927503
Corrected Position: -0.0659754   0.306887  0.0234432
Innovation Covariance S:
  0.0302749 -0.00018811  0.00756012
-0.00018811   0.0306706  -0.0186727
 0.00756012  -0.0186727     1.37458
P-Matrix before update:
  0.0301749 -0.00018811  0.00756012
-0.00018811   0.0305706  -0.0186727
 0.00756012  -0.0186727     1.27588
P-Matrix after update:
 9.96692e-05 -9.28786e-10  1.78301e-06
-9.28786e-10  9.96712e-05 -4.40278e-06
 1.78301e-06 -4.40278e-06    0.0915409

===== UPDATE STEP (Camera Measurement) #27 =====
Camera Input: -0.0811081   0.239414 -0.0329046
Position before update: -0.104219  0.288527 0.0234432
Innovation (measurement - prediction):  0.0231113 -0.0491126 -0.0563478
Kalman Gain K:
    0.996694 -1.16203e-05  2.05367e-05
-1.16203e-05     0.996712 -4.10486e-05
   0.0202689   -0.0405134     0.927566
Corrected Position: -0.0811851   0.239578  -0.026365
Innovation Covariance S:
 0.0303061 -0.0002145 0.00860043
-0.0002145  0.0306322 -0.0171931
0.00860043 -0.0171931    1.37459
P-Matrix before update:
 0.0302061 -0.0002145 0.00860043
-0.0002145  0.0305322 -0.0171931
0.00860043 -0.0171931    1.27589
P-Matrix after update:
 9.96694e-05 -1.16203e-09  2.02689e-06
-1.16203e-09  9.96712e-05 -4.05134e-06
 2.02689e-06 -4.05134e-06    0.0915471

===== UPDATE STEP (Camera Measurement) #28 =====
Camera Input:   -0.148134    0.272044 -0.00225642
Position before update: -0.116089   0.22732 -0.026365
Innovation (measurement - prediction): -0.0320448  0.0447236  0.0241085
Kalman Gain K:
    0.996693 -8.11561e-06  2.03902e-05
-8.11561e-06     0.996707 -4.09041e-05
   0.0201243   -0.0403707     0.927573
Corrected Position:   -0.148028    0.271896 -0.00645293
Innovation Covariance S:
    0.030288 -0.000180423   0.00851628
-0.000180423    0.0305791   -0.0170949
  0.00851628   -0.0170949       1.3746
P-Matrix before update:
    0.030188 -0.000180423   0.00851628
-0.000180423    0.0304791   -0.0170949
  0.00851628   -0.0170949       1.2759
P-Matrix after update:
 9.96693e-05 -8.11561e-10  2.01243e-06
-8.11561e-10  9.96707e-05 -4.03707e-06
 2.01243e-06 -4.03707e-06    0.0915478

===== UPDATE STEP (Camera Measurement) #29 =====
Camera Input:   -0.181371    0.247423 -0.00501149
Position before update:   -0.189016    0.241666 -0.00645293
Innovation (measurement - prediction): 0.00764529 0.00575691 0.00144144
Kalman Gain K:
    0.996703 -1.87088e-05  3.63313e-05
-1.87088e-05     0.996713 -4.62366e-05
   0.0358576   -0.0456337     0.927157
Corrected Position:   -0.181396    0.247404 -0.00510505
Innovation Covariance S:
   0.0305006 -0.000388259    0.0152574
-0.000388259    0.0307014   -0.0194245
   0.0152574   -0.0194245       1.3746
P-Matrix before update:
   0.0304006 -0.000388259    0.0152574
-0.000388259    0.0306014   -0.0194245
   0.0152574   -0.0194245       1.2759
P-Matrix after update:
 9.96703e-05 -1.87088e-09  3.58576e-06
-1.87088e-09  9.96713e-05 -4.56337e-06
 3.58576e-06 -4.56337e-06    0.0915067

===== UPDATE STEP (Camera Measurement) #30 =====
Camera Input: -0.228646  0.212013  0.088496
Position before update:   -0.206238     0.22637 -0.00510505
Innovation (measurement - prediction): -0.0224083 -0.0143569  0.0936011
Kalman Gain K:
    0.996696  -7.9422e-06  1.78719e-05
 -7.9422e-06     0.996698 -2.68639e-05
   0.0176388   -0.0265136     0.927886
Corrected Position:  -0.22857  0.212058 0.0817314
Innovation Covariance S:
   0.0303026 -0.000133603   0.00746104
-0.000133603    0.0303798   -0.0112022
  0.00746104   -0.0112022      1.37456
P-Matrix before update:
   0.0302026 -0.000133603   0.00746104
-0.000133603    0.0302798   -0.0112022
  0.00746104   -0.0112022      1.27586
P-Matrix after update:
 9.96696e-05  -7.9422e-10  1.76388e-06
 -7.9422e-10  9.96698e-05 -2.65136e-06
 1.76388e-06 -2.65136e-06    0.0915787

===== UPDATE STEP (Camera Measurement) #31 =====
Camera Input: -0.210063  0.192064 0.0138974
Position before update: -0.255347  0.170286 0.0817314
Innovation (measurement - prediction): 0.0452836 0.0217777 -0.067834
Kalman Gain K:
    0.996715 -1.66313e-05  5.12436e-05
-1.66313e-05     0.996699  -3.1177e-05
   0.0505754   -0.0307704     0.927117
Corrected Position: -0.210216  0.191993 0.0204615
Innovation Covariance S:
   0.0307828 -0.000358277    0.0215123
-0.000358277      0.03042   -0.0130916
   0.0215123   -0.0130916      1.37463
P-Matrix before update:
   0.0306828 -0.000358277    0.0215123
-0.000358277      0.03032   -0.0130916
   0.0215123   -0.0130916      1.27593
P-Matrix after update:
 9.96715e-05 -1.66313e-09  5.05754e-06
-1.66313e-09  9.96699e-05 -3.07704e-06
 5.05754e-06 -3.07704e-06    0.0915028

===== UPDATE STEP (Camera Measurement) #32 =====
Camera Input: -0.25983 0.112822 -0.02233
Position before update: -0.232287  0.144026 0.0204615
Innovation (measurement - prediction):  -0.027543 -0.0312036 -0.0427915
Kalman Gain K:
     0.99672 -1.33811e-05  5.32369e-05
-1.33811e-05     0.996695 -2.12777e-05
   0.0525427   -0.0210003     0.927207
Corrected Position: -0.259742  0.112927 -0.020007
Innovation Covariance S:
   0.0308514 -0.000268736    0.0223463
-0.000268736    0.0303113  -0.00893856
   0.0223463  -0.00893856      1.37455
P-Matrix before update:
   0.0307514 -0.000268736    0.0223463
-0.000268736    0.0302113  -0.00893856
   0.0223463  -0.00893856      1.27586
P-Matrix after update:
  9.9672e-05 -1.33811e-09  5.25427e-06
-1.33811e-09  9.96695e-05 -2.10003e-06
 5.25427e-06 -2.10003e-06    0.0915117

===== UPDATE STEP (Camera Measurement) #33 =====
Camera Input: -0.289828  0.101953 0.0186997
Position before update: -0.276691 0.0898476 -0.020007
Innovation (measurement - prediction): -0.0131369  0.0121052  0.0387067
Kalman Gain K:
    0.996696 -4.98275e-06  2.70267e-05
-4.98275e-06     0.996693 -1.85257e-05
   0.0266743   -0.0182842     0.927877
Corrected Position: -0.289784  0.101912 0.0153363
Innovation Covariance S:
   0.0303546 -0.000108797    0.0112541
-0.000108797    0.0302868  -0.00771835
   0.0112541  -0.00771835      1.37456
P-Matrix before update:
   0.0302546 -0.000108797    0.0112541
-0.000108797    0.0301868  -0.00771835
   0.0112541  -0.00771835      1.27586
P-Matrix after update:
 9.96696e-05 -4.98275e-10  2.66743e-06
-4.98275e-10  9.96693e-05 -1.82842e-06
 2.66743e-06 -1.82842e-06    0.0915778

===== UPDATE STEP (Camera Measurement) #34 =====
Camera Input:    -0.286428    0.0684413 -0.000855724
Position before update: -0.296747 0.0587217 0.0153363
Innovation (measurement - prediction):  0.0103193 0.00971966 -0.0161921
Kalman Gain K:
    0.996717 -4.24205e-06  5.25042e-05
-4.24205e-06     0.996689  -7.1522e-06
   0.0518196  -0.00705894     0.927357
Corrected Position:   -0.286462   0.0684092 0.000786644
Innovation Covariance S:
   0.0308133 -8.69865e-05    0.0219891
-8.69865e-05    0.0302122  -0.00299787
   0.0219891  -0.00299787      1.37463
P-Matrix before update:
   0.0307133 -8.69865e-05    0.0219891
-8.69865e-05    0.0301122  -0.00299787
   0.0219891  -0.00299787      1.27593
P-Matrix after update:
 9.96717e-05 -4.24205e-10  5.18196e-06
-4.24205e-10  9.96689e-05 -7.05894e-07
 5.18196e-06 -7.05894e-07    0.0915265

===== UPDATE STEP (Camera Measurement) #35 =====
Camera Input:  -0.277024 -0.0415249 0.00705672
Position before update:   -0.287283   0.0183916 0.000786644
Innovation (measurement - prediction):  0.0102592 -0.0599165 0.00627008
Kalman Gain K:
    0.996732 -1.59303e-07  6.07884e-05
-1.59303e-07     0.996689  2.76503e-07
   0.0599958  0.000272897     0.927083
Corrected Position:  -0.277057 -0.0413265 0.00719868
Innovation Covariance S:
  0.0310715  6.3998e-07   0.0255655
 6.3998e-07   0.0301998 0.000113551
  0.0255655 0.000113551     1.37458
P-Matrix before update:
  0.0309715  6.3998e-07   0.0255655
 6.3998e-07   0.0300998 0.000113551
  0.0255655 0.000113551     1.27588
P-Matrix after update:
 9.96732e-05 -1.59303e-11  5.99958e-06
-1.59303e-11  9.96689e-05  2.72897e-08
 5.99958e-06  2.72897e-08    0.0914994

===== PREDICTION STEP (Encoder Update) #100 =====
Position after prediction:  -0.278217 -0.0644703 0.00719868
P-Matrix (State Covariance) after prediction:
  0.0202629 4.38879e-06  0.00883125
4.38879e-06   0.0201002 0.000297127
 0.00883125 0.000297127    0.881068

[Summary] After 100 encoder updates:
  Non-zero RPMs: 99/100
  Kalman pose:  -0.278217 -0.0644703 0.00719868
  Dead Reck pose:   -0.33882 -0.0294586          0
  Actual pose: -0.294344 -0.022428         0
Frame 100:
  Kalman Error (mm): [-16.1275, 42.0423], (deg): -0.412454
  Dead Reckoning Error (mm): [44.4756, 7.0306], (deg): 0

===== UPDATE STEP (Camera Measurement) #36 =====
Camera Input:  -0.244032 -0.0595322  -0.110263
Position before update:  -0.276115 -0.0845163 0.00719868
Innovation (measurement - prediction): 0.0320823 0.0249841 -0.117462
Kalman Gain K:
   0.996728 2.66667e-06 6.30647e-05
2.66667e-06    0.996689 5.12589e-06
  0.0622424  0.00505905     0.92699
Corrected Position:  -0.244145 -0.0596154 -0.0995637
Innovation Covariance S:
   0.031071 6.60388e-05   0.0264932
6.60388e-05   0.0302053   0.0021493
  0.0264932   0.0021493     1.37455
P-Matrix before update:
   0.030971 6.60388e-05   0.0264932
6.60388e-05   0.0301053   0.0021493
  0.0264932   0.0021493     1.27585
P-Matrix after update:
9.96728e-05 2.66667e-10 6.22424e-06
2.66667e-10 9.96689e-05 5.05905e-07
6.22424e-06 5.05905e-07   0.0914902

===== UPDATE STEP (Camera Measurement) #37 =====
Camera Input:  -0.274222 -0.0495118 0.00634446
Position before update:  -0.237458  -0.101709 -0.0995637
Innovation (measurement - prediction): -0.0367645  0.0521973   0.105908
Kalman Gain K:
   0.996716  4.8838e-06 4.60966e-05
 4.8838e-06     0.99669 9.24901e-06
  0.0454955  0.00912841    0.927532
Corrected Position:   -0.274096  -0.0496838 -0.00252658
Innovation Covariance S:
  0.0307235 9.92513e-05   0.0193009
9.92513e-05   0.0302188  0.00386884
  0.0193009  0.00386884     1.37454
P-Matrix before update:
  0.0306235 9.92513e-05   0.0193009
9.92513e-05   0.0301188  0.00386884
  0.0193009  0.00386884     1.27584
P-Matrix after update:
9.96716e-05  4.8838e-10 4.54955e-06
 4.8838e-10  9.9669e-05 9.12841e-07
4.54955e-06 9.12841e-07   0.0915438

===== UPDATE STEP (Camera Measurement) #38 =====
Camera Input: -0.253285 -0.125692 0.0128903
Position before update:   -0.268891  -0.0849528 -0.00252658
Innovation (measurement - prediction):   0.015606 -0.0407387  0.0154169
Kalman Gain K:
    0.996704  1.17389e-06  3.03258e-05
 1.17389e-06      0.99669 -5.25819e-06
   0.0299304  -0.00518962     0.927916
Corrected Position: -0.253336 -0.125557 0.0124575
Innovation Covariance S:
   0.0304527 -9.28688e-06    0.0126451
-9.28688e-06    0.0302122  -0.00217896
   0.0126451  -0.00217896      1.37459
P-Matrix before update:
   0.0303527 -9.28688e-06    0.0126451
-9.28688e-06    0.0301122  -0.00217896
   0.0126451  -0.00217896       1.2759
P-Matrix after update:
 9.96704e-05  1.17389e-10  2.99304e-06
 1.17389e-10   9.9669e-05 -5.18962e-07
 2.99304e-06 -5.18962e-07    0.0915817

===== UPDATE STEP (Camera Measurement) #39 =====
Camera Input: -0.217499 -0.129403 0.0603951
Position before update: -0.227912 -0.165319 0.0124575
Innovation (measurement - prediction): 0.0104124 0.0359165 0.0479377
Kalman Gain K:
   0.996711 1.48038e-05 4.53041e-05
1.48038e-05    0.996698 3.07972e-05
  0.0447134   0.0303956    0.927299
Corrected Position: -0.217531  -0.12952 0.0584673
Innovation Covariance S:
  0.0306687 0.000314695   0.0189937
0.000314695   0.0304111    0.012908
  0.0189937    0.012908     1.37463
P-Matrix before update:
  0.0305687 0.000314695   0.0189937
0.000314695   0.0303111    0.012908
  0.0189937    0.012908     1.27593
P-Matrix after update:
9.96711e-05 1.48038e-09 4.47134e-06
1.48038e-09 9.96698e-05 3.03956e-06
4.47134e-06 3.03956e-06   0.0915207

===== UPDATE STEP (Camera Measurement) #40 =====
Camera Input: -0.197533 -0.158121 0.0363638
Position before update:  -0.17942 -0.167707 0.0584673
Innovation (measurement - prediction): -0.0181132 0.00958633 -0.0221035
Kalman Gain K:
   0.996709 2.11246e-05 4.35712e-05
2.11246e-05    0.996711 4.74155e-05
   0.043003   0.0467973    0.926947
Corrected Position: -0.197475 -0.158154 0.0376482
Innovation Covariance S:
  0.0306306 0.000460917    0.018326
0.000460917   0.0306939   0.0199335
   0.018326   0.0199335     1.37457
P-Matrix before update:
  0.0305306 0.000460917    0.018326
0.000460917   0.0305939   0.0199335
   0.018326   0.0199335     1.27587
P-Matrix after update:
9.96709e-05 2.11246e-09  4.3003e-06
2.11246e-09 9.96711e-05 4.67973e-06
 4.3003e-06 4.67973e-06    0.091486

===== UPDATE STEP (Camera Measurement) #41 =====
Camera Input: -0.175458  -0.25249 0.0765692
Position before update: -0.162104 -0.185852 0.0376482
Innovation (measurement - prediction): -0.0133543 -0.0666376  0.0389209
Kalman Gain K:
   0.996701 1.53985e-05 3.33509e-05
1.53985e-05    0.996708 4.22664e-05
   0.032916   0.0417153    0.927324
Corrected Position: -0.175414 -0.252269 0.0705212
Innovation Covariance S:
  0.0304533 0.000321936   0.0139776
0.000321936   0.0306083   0.0177148
  0.0139776   0.0177148     1.37453
P-Matrix before update:
  0.0303533 0.000321936   0.0139776
0.000321936   0.0305083   0.0177148
  0.0139776   0.0177148     1.27584
P-Matrix after update:
9.96701e-05 1.53985e-09  3.2916e-06
1.53985e-09 9.96708e-05 4.17153e-06
 3.2916e-06 4.17153e-06   0.0915233

===== UPDATE STEP (Camera Measurement) #42 =====
Camera Input: -0.138148 -0.258756 0.0270218
Position before update: -0.135545  -0.27694 0.0705212
Innovation (measurement - prediction): -0.00260251   0.0181843  -0.0434993
Kalman Gain K:
   0.996697 1.46672e-05 2.42328e-05
1.46672e-05    0.996713 4.42713e-05
  0.0239169   0.0436941    0.927432
Corrected Position:  -0.13814 -0.258817 0.0309108
Innovation Covariance S:
  0.0303558 0.000272448   0.0101686
0.000272448   0.0306783   0.0185615
  0.0101686   0.0185615     1.37457
P-Matrix before update:
  0.0302558 0.000272448   0.0101686
0.000272448   0.0305783   0.0185615
  0.0101686   0.0185615     1.27588
P-Matrix after update:
9.96697e-05 1.46672e-09 2.39169e-06
1.46672e-09 9.96713e-05 4.36941e-06
2.39169e-06 4.36941e-06   0.0915338

===== UPDATE STEP (Camera Measurement) #43 =====
Camera Input: -0.0938067  -0.276973  0.0336565
Position before update: -0.094478 -0.276067 0.0309108
Innovation (measurement - prediction):  0.000671392 -0.000906433   0.00274567
Kalman Gain K:
