[Demo] Running Kalman Filter Analysis Demo
[est::StateEstimator::StateEstimator]
[hw::HardwareManager::HardwareManager]
[hw::SensorDriver::SensorDriver]
[BSplineTrajectory] Initialized with 4 wheels
[BSplineTrajectoryManager] Initialized with B-spline trajectory planner
[UniformBSplineTrajectoryPlanner] Initialized with uniform B-spline approach
[BezierTrajectoryPlanner] Initialized with RoboJackets-style Bezier approach
[rob::RobotManager::RobotManager]
[est::StateEstimator::StateEstimator]
[rob::RobotManager::ControlLogic] Gyro checks disabled. Going to IDLE state.
[est::StateEstimator::StateEstimator]
[hw::HardwareManager::HardwareManager]
[hw::SensorDriver::SensorDriver]
[UniformBSplineTrajectoryPlanner] Feedback gains set to: kp=0.1, kd=0.05
Test 1: Triangle trajectory
Waypoints:
  0: (0, 0, 0)
  1: (0.5, 0, 0)
  2: (0.25, 0.4, 0)
  3: (0, 0, 0)
Using Uniform B-spline trajectory
[rob::RobotManager::SetTrajectoryManagerType] Set to UNIFORM_B_SPLINE
[rob::RobotManager::SetUniformBSplinePath] Uniform B-spline trajectory for smooth waypoint following: 0 0 0 -> 0.5   0   0 -> 0.25  0.4    0 -> 0 0 0
[UniformBSplineTrajectoryPlanner::SetPath] Setting path with 4 waypoints
[UniformBSplineTrajectoryPlanner::SetPath] Field boundaries: [-4.5, 4.5] x [-3, 3]
[UniformBSplineTrajectoryPlanner::SetPath] Trajectory generated successfully. Control points: 10, Arc length: 1.36751m, Duration: 3.30939s
[DEBUG] Spline start: (0, 0, 0)
[DEBUG] Spline end: (0, 0, 0)
[DEBUG] Expected end: (0, 0, 0)
[DEBUG] Control points:
  CP[0]: (0, 0, 0)
  CP[1]: (0, 0, 0)
  CP[2]: (0.42, 0, 0)
  CP[3]: (0.484487, -0.0279886, 0)
  CP[4]: (0.4576, 0.0678399, 0)
  CP[5]: (0.2924, 0.33216, 0)
  CP[6]: (0.282, 0.4, 0)
  CP[7]: (0.2076, 0.33216, 0)
  CP[8]: (0, 0, 0)
  CP[9]: (0, 0, 0)
[rob::RobotManager::SetUniformBSplinePath] Finish creating Uniform B-spline trajectories
Starting simulation with camera updates every 50 ms
Camera noise: position=20mm, orientation=2.86479 degrees
Camera bias: x=5mm, y=-3mm, theta=0.572958 deg

===== UPDATE STEP (Camera Measurement) #1 =====
Camera Input: -0.00363898  0.00426992    0.020478
Position before update: 0 0 0
Innovation (measurement - prediction): -0.00363898  0.00426992    0.020478
Kalman Gain K:
  0.9999        0        0
       0   0.9999        0
       0        0 0.997506
Corrected Position: -0.00363861  0.00426949    0.020427
Innovation Covariance S:
 1.0001       0       0
      0  1.0001       0
      0       0 39.5771
P-Matrix before update:
      1       0       0
      0       1       0
      0       0 39.4784
P-Matrix after update:
9.999e-05         0         0
        0 9.999e-05         0
        0         0 0.0984499
[Demo] Dead reckoning initialized at pose: 0.000658874, -1.46795e-07, 0

===== UPDATE STEP (Camera Measurement) #2 =====
Camera Input:  0.0113393 0.00513731  0.0184488
Position before update: -0.000742131    0.0043266     0.020427
Innovation (measurement - prediction):   0.0120814 0.000810708 -0.00197817
Kalman Gain K:
    0.990196 -1.30478e-08 -9.31101e-08
-1.30478e-08     0.990197  4.72266e-06
 -9.1896e-05   0.00466108     0.833262
Corrected Position:  0.0112208 0.00512935  0.0187813
Innovation Covariance S:
      0.0102 -1.62842e-08 -5.62207e-06
-1.62842e-08    0.0102008  0.000285159
-5.62207e-06  0.000285159      0.59193
P-Matrix before update:
      0.0101 -1.62842e-08 -5.62207e-06
-1.62842e-08    0.0101008  0.000285159
-5.62207e-06  0.000285159     0.493234
P-Matrix after update:
 9.90196e-05 -1.30478e-12  -9.1896e-09
-1.30478e-12  9.90197e-05  4.66108e-07
 -9.1896e-09  4.66108e-07    0.0822396

===== UPDATE STEP (Camera Measurement) #3 =====
Camera Input: -0.0175202 -0.0136562 -0.0319361
Position before update:  0.0153326 0.00520107  0.0187813
Innovation (measurement - prediction): -0.0328528 -0.0188573 -0.0507174
Kalman Gain K:
    0.996689 -4.54114e-09 -8.67064e-08
-4.54114e-09     0.996689  4.99968e-06
-8.55758e-05   0.00493448     0.927703
Corrected Position: -0.0174114  -0.013594 -0.0283596
Innovation Covariance S:
    0.030199 -9.54024e-08 -3.57522e-05
-9.54024e-08    0.0302045   0.00206155
-3.57522e-05   0.00206155      1.36529
P-Matrix before update:
    0.030099 -9.54024e-08 -3.57522e-05
-9.54024e-08    0.0301045   0.00206155
-3.57522e-05   0.00206155      1.26659
P-Matrix after update:
 9.96689e-05 -4.54114e-13 -8.55758e-09
-4.54114e-13  9.96689e-05  4.93448e-07
-8.55758e-09  4.93448e-07    0.0915606

===== UPDATE STEP (Camera Measurement) #4 =====
Camera Input:  -0.0102896 -0.00540601   0.0235251
Position before update: -0.0120685 -0.0137551 -0.0283596
Innovation (measurement - prediction): 0.00177897 0.00834908  0.0518847
Kalman Gain K:
   0.995049 1.95764e-08 2.07659e-07
1.95764e-08     0.99505 6.86733e-06
0.000204952  0.00677779    0.899262
Corrected Position:  -0.0102984 -0.00544698   0.0183553
Innovation Covariance S:
  0.0201997 1.36916e-07 4.11056e-05
1.36916e-07   0.0202042  0.00135937
4.11056e-05  0.00135937    0.979825
P-Matrix before update:
  0.0200997 1.36916e-07 4.11056e-05
1.36916e-07   0.0201042  0.00135937
4.11056e-05  0.00135937    0.881129
P-Matrix after update:
9.95049e-05 1.95764e-12 2.04952e-08
1.95764e-12  9.9505e-05 6.77779e-07
2.04952e-08 6.77779e-07   0.0887536

===== UPDATE STEP (Camera Measurement) #5 =====
Camera Input:  0.0208034 -0.0216696 -0.0673606
Position before update: -0.00362665 -0.00534029   0.0183553
Innovation (measurement - prediction):    0.02443 -0.0163293  -0.085716
Kalman Gain K:
    0.996689 -1.12381e-08 -1.28822e-07
-1.12381e-08     0.996689  8.10968e-06
-0.000127142   0.00800394     0.928034
Corrected Position:  0.0207225 -0.0216162 -0.0613258
Innovation Covariance S:
   0.0301995 -2.33273e-07 -5.33793e-05
-2.33273e-07    0.0302142   0.00336038
-5.33793e-05   0.00336038       1.3718
P-Matrix before update:
   0.0300995 -2.33273e-07 -5.33793e-05
-2.33273e-07    0.0301142   0.00336038
-5.33793e-05   0.00336038      1.27311
P-Matrix after update:
 9.96689e-05 -1.12381e-12 -1.27142e-08
-1.12381e-12  9.96689e-05  8.00394e-07
-1.27142e-08  8.00394e-07    0.0915933

===== UPDATE STEP (Camera Measurement) #6 =====
Camera Input: 0.0367057 0.0542679 0.0432703
Position before update:  0.0301582 -0.0222242 -0.0613258
Innovation (measurement - prediction): 0.0065475 0.0764921  0.104596
Kalman Gain K:
   0.996689  9.1153e-08 7.51312e-07
 9.1153e-08     0.99669  1.1635e-05
0.000741515   0.0114833    0.928162
Corrected Position: 0.0366841 0.0540159 0.0366396
Innovation Covariance S:
  0.0301998 1.92856e-06 0.000312031
1.92856e-06   0.0302296  0.00483221
0.000312031  0.00483221     1.37464
P-Matrix before update:
  0.0300998 1.92856e-06 0.000312031
1.92856e-06   0.0301296  0.00483221
0.000312031  0.00483221     1.27595
P-Matrix after update:
9.96689e-05  9.1153e-12 7.41515e-08
 9.1153e-12  9.9669e-05 1.14833e-06
7.41515e-08 1.14833e-06   0.0916059

===== UPDATE STEP (Camera Measurement) #7 =====
Camera Input: 0.0138746  0.019346 0.0883329
Position before update: 0.0476979 0.0543782 0.0366396
Innovation (measurement - prediction): -0.0338233 -0.0350322  0.0516933
Kalman Gain K:
    0.996689 -6.31126e-08 -4.37229e-07
-6.31126e-08     0.996691  1.33542e-05
-0.000431528    0.0131801      0.92815
Corrected Position: 0.0139866 0.0194626 0.0841715
Innovation Covariance S:
   0.0301997 -1.30881e-06 -0.000181617
-1.30881e-06    0.0302396   0.00554712
-0.000181617   0.00554712      1.37465
P-Matrix before update:
   0.0300997 -1.30881e-06 -0.000181617
-1.30881e-06    0.0301396   0.00554712
-0.000181617   0.00554712      1.27596
P-Matrix after update:
 9.96689e-05 -6.31126e-12 -4.31528e-08
-6.31126e-12  9.96691e-05  1.31801e-06
-4.31528e-08  1.31801e-06    0.0916047

===== UPDATE STEP (Camera Measurement) #8 =====
Camera Input:   0.0599068 -0.00226109   0.0406853
Position before update: 0.0285018 0.0206195 0.0841715
Innovation (measurement - prediction):   0.031405 -0.0228806 -0.0434863
Kalman Gain K:
    0.996689 -2.25548e-07 -1.29805e-06
-2.25548e-07     0.996692  1.63233e-05
 -0.00128112    0.0161105     0.928123
Corrected Position:   0.0598029 -0.00218611   0.0434021
Innovation Covariance S:
      0.0302 -4.71982e-06 -0.000539337
-4.71982e-06     0.030259   0.00678233
-0.000539337   0.00678233      1.37465
P-Matrix before update:
      0.0301 -4.71982e-06 -0.000539337
-4.71982e-06     0.030159   0.00678233
-0.000539337   0.00678233      1.27596
P-Matrix after update:
 9.96689e-05 -2.25548e-11 -1.28112e-07
-2.25548e-11  9.96692e-05  1.61105e-06
-1.28112e-07  1.61105e-06    0.0916021

===== UPDATE STEP (Camera Measurement) #9 =====
Camera Input:  0.0674103  0.0157311 -0.0368891
Position before update:   0.0731289 -0.00168202   0.0434021
Innovation (measurement - prediction): -0.00571858   0.0174131  -0.0802912
Kalman Gain K:
    0.995049 -1.86038e-07 -7.79799e-07
-1.86038e-07     0.995054  2.06833e-05
-0.000769631    0.0204136     0.899191
Corrected Position:  0.0674386  0.0156433 -0.0284352
Innovation Covariance S:
   0.0201997 -1.40598e-06   -0.0001545
-1.40598e-06    0.0202369   0.00409792
  -0.0001545   0.00409792     0.979866
P-Matrix before update:
   0.0200997 -1.40598e-06   -0.0001545
-1.40598e-06    0.0201369   0.00409792
  -0.0001545   0.00409792      0.88117
P-Matrix after update:
 9.95049e-05 -1.86038e-11 -7.69631e-08
-1.86038e-11  9.95054e-05  2.04136e-06
-7.69631e-08  2.04136e-06    0.0887465

===== UPDATE STEP (Camera Measurement) #10 =====
Camera Input:    0.111115 -0.00738463    0.020489
Position before update:  0.0821067   0.015132 -0.0284352
Innovation (measurement - prediction):   0.029008 -0.0225166  0.0489241
Kalman Gain K:
   0.995049 2.03916e-07 7.85676e-07
2.03916e-07    0.995055 2.24553e-05
0.000775432   0.0221625    0.898881
Corrected Position:    0.110971 -0.00727219   0.0150653
Innovation Covariance S:
  0.0201996 1.53797e-06 0.000155237
1.53797e-06   0.0202435  0.00443682
0.000155237  0.00443682    0.977011
P-Matrix before update:
  0.0200996 1.53797e-06 0.000155237
1.53797e-06   0.0201435  0.00443682
0.000155237  0.00443682    0.878315
P-Matrix after update:
9.95049e-05 2.03916e-11 7.75432e-08
2.03916e-11 9.95055e-05 2.21625e-06
7.75432e-08 2.21625e-06    0.088716

===== UPDATE STEP (Camera Measurement) #11 =====
Camera Input:    0.11046 -0.0259611  0.0625491
Position before update:    0.130866 -0.00712561   0.0150653
Innovation (measurement - prediction): -0.0204061 -0.0188355  0.0474838
Kalman Gain K:
    0.996689 -4.49174e-08 -1.75967e-07
-4.49174e-08     0.996695   2.4684e-05
-0.000173672    0.0243622      0.92787
Corrected Position:   0.110527 -0.0258977  0.0586688
Innovation Covariance S:
   0.0301995 -9.55892e-07 -7.30361e-05
-9.55892e-07    0.0303329     0.010245
-7.30361e-05     0.010245      1.37176
P-Matrix before update:
   0.0300995 -9.55892e-07 -7.30361e-05
-9.55892e-07    0.0302329     0.010245
-7.30361e-05     0.010245      1.27307
P-Matrix after update:
 9.96689e-05 -4.49174e-12 -1.73672e-08
-4.49174e-12  9.96695e-05  2.43622e-06
-1.73672e-08  2.43622e-06    0.0915771

===== UPDATE STEP (Camera Measurement) #12 =====
Camera Input:  0.106196 0.0217564 0.0385367
Position before update:   0.128132 -0.0250214  0.0586688
Innovation (measurement - prediction): -0.0219361  0.0467778  -0.020132
Kalman Gain K:
    0.995049 -4.85132e-07 -1.48871e-06
-4.85132e-07     0.995059  3.00081e-05
  -0.0014693    0.0296169     0.899093
Corrected Position:  0.106304 0.0215246 0.0419858
Innovation Covariance S:
   0.0201999 -3.77654e-06 -0.000295238
-3.77654e-06    0.0202758   0.00595113
-0.000295238   0.00595113     0.979841
P-Matrix before update:
   0.0200999 -3.77654e-06 -0.000295238
-3.77654e-06    0.0201758   0.00595113
-0.000295238   0.00595113     0.881145
P-Matrix after update:
 9.95049e-05 -4.85132e-11  -1.4693e-07
-4.85132e-11  9.95059e-05  2.96169e-06
 -1.4693e-07  2.96169e-06    0.0887369

===== UPDATE STEP (Camera Measurement) #13 =====
Camera Input:   0.189951 -0.0183129   0.058592
Position before update:  0.127275  0.022189 0.0419858
Innovation (measurement - prediction):  0.0626764 -0.0405019  0.0166062
Kalman Gain K:
    0.995049 -3.54746e-07 -9.57754e-07
-3.54746e-07     0.995061  3.06011e-05
-0.000945265     0.030202     0.898793
Corrected Position:   0.189641 -0.0181124  0.0556289
Innovation Covariance S:
   0.0201996 -2.62443e-06 -0.000189446
-2.62443e-06    0.0202831    0.0060529
-0.000189446    0.0060529     0.977001
P-Matrix before update:
   0.0200996 -2.62443e-06 -0.000189446
-2.62443e-06    0.0201831    0.0060529
-0.000189446    0.0060529     0.878305
P-Matrix after update:
 9.95049e-05 -3.54746e-11 -9.45265e-08
-3.54746e-11  9.95061e-05   3.0202e-06
-9.45265e-08   3.0202e-06    0.0887073

===== UPDATE STEP (Camera Measurement) #14 =====
Camera Input:    0.157786  -0.0353037 -0.00403633
Position before update:    0.22002 -0.0168025  0.0556289
Innovation (measurement - prediction): -0.0622346 -0.0185012 -0.0596652
Kalman Gain K:
    0.996689 -7.77918e-07 -1.89602e-06
-7.77918e-07     0.996707  4.43527e-05
 -0.00187129    0.0437744     0.927461
Corrected Position:     0.157992   -0.0352454 -0.000401675
Innovation Covariance S:
   0.0302003  -1.7771e-05 -0.000789799
 -1.7771e-05    0.0306146    0.0184751
-0.000789799    0.0184751      1.37176
P-Matrix before update:
   0.0301003  -1.7771e-05 -0.000789799
 -1.7771e-05    0.0305146    0.0184751
-0.000789799    0.0184751      1.27306
P-Matrix after update:
 9.96689e-05 -7.77918e-11 -1.87129e-07
-7.77918e-11  9.96707e-05  4.37744e-06
-1.87129e-07  4.37744e-06    0.0915367

===== UPDATE STEP (Camera Measurement) #15 =====
Camera Input:    0.25136 0.00120994  0.0676631
Position before update:     0.186195   -0.0356802 -0.000401675
Innovation (measurement - prediction): 0.0651646 0.0368902 0.0680648
Kalman Gain K:
   0.996689 2.08495e-07 5.24479e-07
2.08495e-07    0.996702 3.32404e-05
 0.00051764   0.0328069    0.927869
Corrected Position:   0.251144 0.00109055  0.0639975
Innovation Covariance S:
  0.0301997 4.11256e-06 0.000218594
4.11256e-06   0.0304623    0.013855
0.000218594    0.013855     1.37459
P-Matrix before update:
  0.0300997 4.11256e-06 0.000218594
4.11256e-06   0.0303623    0.013855
0.000218594    0.013855     1.27589
P-Matrix after update:
9.96689e-05 2.08495e-11  5.1764e-08
2.08495e-11 9.96702e-05 3.28069e-06
 5.1764e-08 3.28069e-06    0.091577

===== UPDATE STEP (Camera Measurement) #16 =====
Camera Input:   0.268042 -0.0114291   0.023439
Position before update:    0.28102 0.00246068  0.0639975
Innovation (measurement - prediction): -0.0129774 -0.0138898 -0.0405585
Kalman Gain K:
    0.996689 -6.28725e-07 -1.68363e-06
-6.28725e-07     0.996703  3.72548e-05
 -0.00166167     0.036769     0.927785
Corrected Position:   0.268085 -0.0113848  0.0258788
Innovation Covariance S:
   0.0302003 -1.36881e-05 -0.000701882
-1.36881e-05    0.0305018    0.0155307
-0.000701882    0.0155307      1.37463
P-Matrix before update:
   0.0301003 -1.36881e-05 -0.000701882
-1.36881e-05    0.0304018    0.0155307
-0.000701882    0.0155307      1.27593
P-Matrix after update:
 9.96689e-05 -6.28725e-11 -1.66167e-07
-6.28725e-11  9.96703e-05   3.6769e-06
-1.66167e-07   3.6769e-06    0.0915687

===== UPDATE STEP (Camera Measurement) #17 =====
Camera Input:   0.232425 -0.0138998  0.0140843
Position before update:   0.297256 -0.0112672  0.0258788
Innovation (measurement - prediction):  -0.0648317 -0.00263263  -0.0117944
Kalman Gain K:
    0.996689 -4.87111e-08 -1.13349e-07
-4.87111e-08     0.996702  3.37759e-05
-0.000111871    0.0333355      0.92786
Corrected Position:   0.232639 -0.0138915  0.0148547
Innovation Covariance S:
   0.0301997 -9.30001e-07 -4.72616e-05
-9.30001e-07    0.0304634    0.0140769
-4.72616e-05    0.0140769      1.37462
P-Matrix before update:
   0.0300997 -9.30001e-07 -4.72616e-05
-9.30001e-07    0.0303634    0.0140769
-4.72616e-05    0.0140769      1.27592
P-Matrix after update:
 9.96689e-05 -4.87111e-12 -1.11871e-08
-4.87111e-12  9.96702e-05  3.33355e-06
-1.11871e-08  3.33355e-06    0.0915761

===== UPDATE STEP (Camera Measurement) #18 =====
Camera Input:   0.287183 -0.0268971  0.0640832
Position before update:   0.267329 -0.0142963  0.0148547
Innovation (measurement - prediction):  0.0198545 -0.0126008  0.0492286
Kalman Gain K:
   0.996689 2.37785e-07 4.94294e-07
2.37785e-07    0.996708 3.91497e-05
0.000487849   0.0386392    0.927742
Corrected Position:   0.287118 -0.0268537  0.0600489
Innovation Covariance S:
  0.0301997 4.63628e-06 0.000206372
4.63628e-06   0.0305755     0.01635
0.000206372     0.01635     1.37462
P-Matrix before update:
  0.0300997 4.63628e-06 0.000206372
4.63628e-06   0.0304755     0.01635
0.000206372     0.01635     1.27593
P-Matrix after update:
9.96689e-05 2.37785e-11 4.87849e-08
2.37785e-11 9.96708e-05 3.86392e-06
4.87849e-08 3.86392e-06   0.0915644

===== UPDATE STEP (Camera Measurement) #19 =====
Camera Input:   0.351416 -0.0184917 0.00614261
Position before update:   0.316543 -0.0260923  0.0600489
Innovation (measurement - prediction):  0.0348728 0.00760061 -0.0539063
Kalman Gain K:
    0.995049 -6.03935e-07 -1.12248e-06
-6.03935e-07     0.995074  4.59409e-05
 -0.00110784    0.0453418     0.898849
Corrected Position:   0.351244 -0.0185316  0.0119013
Innovation Covariance S:
   0.0201998 -4.55855e-06 -0.000223279
-4.55855e-06    0.0203842   0.00913745
-0.000223279   0.00913745     0.979829
P-Matrix before update:
   0.0200998 -4.55855e-06 -0.000223279
-4.55855e-06    0.0202842   0.00913745
-0.000223279   0.00913745     0.881133
P-Matrix after update:
 9.95049e-05 -6.03935e-11 -1.10784e-07
-6.03935e-11  9.95074e-05  4.53418e-06
-1.10784e-07  4.53418e-06    0.0887128

===== PREDICTION STEP (Encoder Update) #50 =====
Position after prediction:   0.391677 -0.0199423  0.0119013
P-Matrix (State Covariance) after prediction:
  0.0301004 2.36226e-05 0.000845609
2.36226e-05   0.0307357   0.0224266
0.000845609   0.0224266     1.27307

===== UPDATE STEP (Camera Measurement) #20 =====
Camera Input:   0.366161 -0.0413604 -0.0191508
Position before update:   0.391677 -0.0199423  0.0119013
Innovation (measurement - prediction): -0.0255159 -0.0214182 -0.0310521
Kalman Gain K:
   0.996689 1.06482e-06 2.02379e-06
1.06482e-06    0.996718 5.36563e-05
  0.0019974   0.0529566    0.927185
Corrected Position:   0.366245 -0.0412918  -0.018075
Innovation Covariance S:
  0.0302004 2.36226e-05 0.000845609
2.36226e-05   0.0308357   0.0224266
0.000845609   0.0224266     1.37176
P-Matrix before update:
  0.0301004 2.36226e-05 0.000845609
2.36226e-05   0.0307357   0.0224266
0.000845609   0.0224266     1.27307
P-Matrix after update:
9.96689e-05 1.06482e-10  1.9974e-07
1.06482e-10 9.96718e-05 5.29566e-06
 1.9974e-07 5.29566e-06   0.0915095

===== UPDATE STEP (Camera Measurement) #21 =====
Camera Input:  0.410554 0.0037569 0.0562978
Position before update:   0.399609 -0.0433477  -0.018075
Innovation (measurement - prediction): 0.0109446 0.0471046 0.0743728
Kalman Gain K:
   0.996689 9.91978e-07 2.48573e-06
9.91978e-07    0.996705 3.94333e-05
 0.00245331   0.0389191     0.92773
Corrected Position:   0.410518 0.00360462   0.052783
Innovation Covariance S:
   0.030201 2.14994e-05   0.0010368
2.14994e-05   0.0305447   0.0164498
  0.0010368   0.0164498     1.37456
P-Matrix before update:
   0.030101 2.14994e-05   0.0010368
2.14994e-05   0.0304447   0.0164498
  0.0010368   0.0164498     1.27586
P-Matrix after update:
9.96689e-05 9.91978e-11 2.45331e-07
9.91978e-11 9.96705e-05 3.89191e-06
2.45331e-07 3.89191e-06   0.0915633

===== UPDATE STEP (Camera Measurement) #22 =====
Camera Input:    0.426052 -0.00275949   0.0768753
Position before update:   0.440733 0.00292542   0.052783
Innovation (measurement - prediction):  -0.0146808 -0.00568492   0.0240922
Kalman Gain K:
   0.996689 3.31714e-07 9.03739e-07
3.31714e-07    0.996702 3.38292e-05
0.000891955   0.0333881    0.927858
Corrected Position:    0.426101 -0.00273993   0.0749343
Innovation Covariance S:
  0.0301998 6.90006e-06 0.000376581
6.90006e-06    0.030465   0.0140997
0.000376581   0.0140997     1.37461
P-Matrix before update:
  0.0300998 6.90006e-06 0.000376581
6.90006e-06    0.030365   0.0140997
0.000376581   0.0140997     1.27592
P-Matrix after update:
9.96689e-05 3.31714e-11 8.91955e-08
3.31714e-11 9.96702e-05 3.33881e-06
8.91955e-08 3.33881e-06   0.0915759

===== UPDATE STEP (Camera Measurement) #23 =====
Camera Input:     0.45388  -0.0316881 -0.00308412
Position before update:  0.458498 0.0082194 0.0749343
Innovation (measurement - prediction): -0.00461839  -0.0399075  -0.0780184
Kalman Gain K:
    0.996692 -6.22278e-06 -2.07668e-05
-6.22278e-06     0.996703  3.44908e-05
   -0.020496     0.034041     0.927716
Corrected Position:   0.453897 -0.0315592 0.00129154
Innovation Covariance S:
   0.0302856 -0.000147746  -0.00865699
-0.000147746     0.030486    0.0143988
 -0.00865699    0.0143988      1.37462
P-Matrix before update:
   0.0301856 -0.000147746  -0.00865699
-0.000147746     0.030386    0.0143988
 -0.00865699    0.0143988      1.27593
P-Matrix after update:
 9.96692e-05 -6.22278e-10  -2.0496e-06
-6.22278e-10  9.96703e-05   3.4041e-06
 -2.0496e-06   3.4041e-06    0.0915619

===== UPDATE STEP (Camera Measurement) #24 =====
Camera Input:  0.475501 0.0216789 0.0665107
Position before update:   0.452662 0.00931841 0.00129154
Innovation (measurement - prediction): 0.0228389 0.0123605 0.0652192
Kalman Gain K:
    0.996719  3.64421e-06 -5.55518e-05
 3.64421e-06      0.99669 -1.02075e-05
  -0.0548274   -0.0100744     0.927241
Corrected Position:  0.475423 0.0216374 0.0603887
Innovation Covariance S:
  0.0308725 0.000105766  -0.0232786
0.000105766   0.0302217 -0.00426426
 -0.0232786 -0.00426426     1.37461
P-Matrix before update:
  0.0307725 0.000105766  -0.0232786
0.000105766   0.0301217 -0.00426426
 -0.0232786 -0.00426426     1.27591
P-Matrix after update:
 9.96719e-05  3.64421e-10 -5.48274e-06
 3.64421e-10   9.9669e-05 -1.00744e-06
-5.48274e-06 -1.00744e-06     0.091515

===== UPDATE STEP (Camera Measurement) #25 =====
Camera Input:  0.454446 0.0571391 0.0464991
Position before update:  0.452423 0.0664815 0.0603887
Innovation (measurement - prediction):  0.00202254 -0.00934244  -0.0138896
Kalman Gain K:
    0.996722  1.75899e-05 -5.53139e-05
 1.75899e-05     0.996698 -2.97234e-05
  -0.0545926   -0.0293358     0.927008
Corrected Position:   0.45444 0.0571704 0.0476766
Innovation Covariance S:
  0.0309028 0.000374023  -0.0232632
0.000374023   0.0303988  -0.0124971
 -0.0232632  -0.0124971     1.37456
P-Matrix before update:
  0.0308028 0.000374023  -0.0232632
0.000374023   0.0302988  -0.0124971
 -0.0232632  -0.0124971     1.27587
P-Matrix after update:
 9.96722e-05  1.75899e-09 -5.45926e-06
 1.75899e-09  9.96698e-05 -2.93358e-06
-5.45926e-06 -2.93358e-06     0.091492

===== UPDATE STEP (Camera Measurement) #26 =====
Camera Input:  0.426221  0.148405 0.0235827
Position before update:  0.429779 0.0987924 0.0476766
Innovation (measurement - prediction): -0.00355802   0.0496129   -0.024094
Kalman Gain K:
    0.996714   1.5383e-05 -4.35359e-05
  1.5383e-05     0.996698 -2.62416e-05
  -0.0429682   -0.0258995     0.927419
Corrected Position:  0.426234  0.148242 0.0241994
Innovation Covariance S:
  0.0306797 0.000288075  -0.0182652
0.000288075   0.0303726  -0.0110085
 -0.0182652  -0.0110085     1.37454
P-Matrix before update:
  0.0305797 0.000288075  -0.0182652
0.000288075   0.0302726  -0.0110085
 -0.0182652  -0.0110085     1.27584
P-Matrix after update:
 9.96714e-05   1.5383e-09 -4.29682e-06
  1.5383e-09  9.96698e-05 -2.58995e-06
-4.29682e-06 -2.58995e-06    0.0915326

===== UPDATE STEP (Camera Measurement) #27 =====
Camera Input:   0.423033   0.145104 -0.0333254
Position before update:  0.398352  0.194446 0.0241994
Innovation (measurement - prediction):  0.0246808 -0.0493421 -0.0575248
Kalman Gain K:
    0.996716  1.64431e-05 -4.65719e-05
 1.64431e-05     0.996699 -2.83678e-05
  -0.0459646   -0.0279979     0.927303
Corrected Position:   0.422953   0.145269 -0.0288965
Innovation Covariance S:
   0.030728 0.000321058  -0.0195522
0.000321058   0.0303948  -0.0119089
 -0.0195522  -0.0119089     1.37458
P-Matrix before update:
   0.030628 0.000321058  -0.0195522
0.000321058   0.0302948  -0.0119089
 -0.0195522  -0.0119089     1.27589
P-Matrix after update:
 9.96716e-05  1.64431e-09 -4.59646e-06
 1.64431e-09  9.96699e-05 -2.79979e-06
-4.59646e-06 -2.79979e-06    0.0915211

===== UPDATE STEP (Camera Measurement) #28 =====
Camera Input:    0.365044    0.234347 -0.00267726
Position before update:   0.398702   0.189433 -0.0288965
Innovation (measurement - prediction): -0.0336586  0.0449137  0.0262193
Kalman Gain K:
    0.996717  1.56822e-05 -4.96491e-05
 1.56822e-05     0.996697 -2.73419e-05
  -0.0490017   -0.0269854      0.92723
Corrected Position:    0.365154    0.234197 -0.00414791
Innovation Covariance S:
  0.0307787 0.000318709  -0.0208439
0.000318709   0.0303751  -0.0114787
 -0.0208439  -0.0114787     1.37457
P-Matrix before update:
  0.0306787 0.000318709  -0.0208439
0.000318709   0.0302751  -0.0114787
 -0.0208439  -0.0114787     1.27587
P-Matrix after update:
 9.96717e-05  1.56822e-09 -4.90017e-06
 1.56822e-09  9.96697e-05 -2.69854e-06
-4.90017e-06 -2.69854e-06     0.091514

===== UPDATE STEP (Camera Measurement) #29 =====
Camera Input:    0.350212    0.278391 -0.00543233
Position before update:    0.342848    0.272473 -0.00414791
Innovation (measurement - prediction):  0.00736384  0.00591834 -0.00128442
Kalman Gain K:
     0.99671   1.2627e-05 -4.38217e-05
  1.2627e-05     0.996696 -2.54932e-05
  -0.0432503   -0.0251608     0.927425
Corrected Position:    0.350188    0.278372 -0.00580651
Innovation Covariance S:
  0.0306442 0.000258719  -0.0183519
0.000258719   0.0303502  -0.0106763
 -0.0183519  -0.0106763     1.37456
P-Matrix before update:
  0.0305442 0.000258719  -0.0183519
0.000258719   0.0302502  -0.0106763
 -0.0183519  -0.0106763     1.27587
P-Matrix after update:
  9.9671e-05   1.2627e-09 -4.32503e-06
  1.2627e-09  9.96696e-05 -2.51608e-06
-4.32503e-06 -2.51608e-06    0.0915332

===== UPDATE STEP (Camera Measurement) #30 =====
Camera Input:  0.309388  0.294625 0.0880752
Position before update:    0.332091    0.308907 -0.00580651
Innovation (measurement - prediction): -0.0227035 -0.0142824  0.0938817
Kalman Gain K:
    0.996704  8.98389e-06 -3.72911e-05
 8.98389e-06     0.996694 -2.22335e-05
  -0.0368049   -0.0219435     0.927634
Corrected Position:  0.309459  0.294669 0.0824303
Innovation Covariance S:
  0.0305143 0.000187678  -0.0155763
0.000187678   0.0303116 -0.00928684
 -0.0155763 -0.00928684     1.37458
P-Matrix before update:
  0.0304143 0.000187678  -0.0155763
0.000187678   0.0302116 -0.00928684
 -0.0155763 -0.00928684     1.27589
P-Matrix after update:
 9.96704e-05  8.98389e-10 -3.68049e-06
 8.98389e-10  9.96694e-05 -2.19435e-06
-3.68049e-06 -2.19435e-06    0.0915538

===== UPDATE STEP (Camera Measurement) #31 =====
Camera Input:  0.337286  0.352011 0.0134766
Position before update:  0.285613  0.330707 0.0824303
Innovation (measurement - prediction):  0.0516731  0.0213036 -0.0689537
Kalman Gain K:
    0.996708  1.24574e-05 -4.32989e-05
 1.24574e-05     0.996697 -2.79659e-05
  -0.0427343   -0.0276012     0.927402
Corrected Position:  0.337119  0.351943 0.0156863
Innovation Covariance S:
  0.0306142 0.000268893   -0.018123
0.000268893   0.0303741  -0.0117063
  -0.018123  -0.0117063      1.3746
P-Matrix before update:
  0.0305142 0.000268893   -0.018123
0.000268893   0.0302741  -0.0117063
  -0.018123  -0.0117063     1.27591
P-Matrix after update:
 9.96708e-05  1.24574e-09 -4.27343e-06
 1.24574e-09  9.96697e-05 -2.76012e-06
-4.27343e-06 -2.76012e-06    0.0915309

===== UPDATE STEP (Camera Measurement) #32 =====
Camera Input:   0.283063   0.349884 -0.0227508
Position before update:  0.309148  0.381106 0.0156863
Innovation (measurement - prediction): -0.0260846 -0.0312222 -0.0384371
Kalman Gain K:
      0.9967  1.21353e-05 -2.86759e-05
 1.21353e-05     0.996703 -3.91243e-05
  -0.0283019   -0.0386141     0.927492
Corrected Position:  0.28315 0.349988 -0.01802
Innovation Covariance S:
    0.03041 0.000254388  -0.0120054
0.000254388   0.0305248  -0.0163554
 -0.0120054  -0.0163554     1.37458
P-Matrix before update:
    0.03031 0.000254388  -0.0120054
0.000254388   0.0304248  -0.0163554
 -0.0120054  -0.0163554     1.27588
P-Matrix after update:
   9.967e-05  1.21353e-09 -2.83019e-06
 1.21353e-09  9.96703e-05 -3.86141e-06
-2.83019e-06 -3.86141e-06    0.0915398

===== UPDATE STEP (Camera Measurement) #33 =====
Camera Input:  0.239293  0.355706 0.0182789
Position before update: 0.252783   0.3438 -0.01802
Innovation (measurement - prediction): -0.0134903  0.0119066  0.0362989
Kalman Gain K:
    0.995052 -6.51582e-06  1.50448e-05
-6.51582e-06     0.995073  -4.3358e-05
   0.0148486   -0.0427927     0.898848
Corrected Position:   0.23936  0.355646 0.0138974
Innovation Covariance S:
   0.0202181 -5.30491e-05   0.00299035
-5.30491e-05    0.0203708  -0.00862567
  0.00299035  -0.00862567     0.979804
P-Matrix before update:
   0.0201181 -5.30491e-05   0.00299035
-5.30491e-05    0.0202708  -0.00862567
  0.00299035  -0.00862567     0.881108
P-Matrix after update:
 9.95052e-05 -6.51582e-10  1.48486e-06
-6.51582e-10  9.95073e-05 -4.27927e-06
 1.48486e-06 -4.27927e-06    0.0887127

===== UPDATE STEP (Camera Measurement) #34 =====
Camera Input:     0.21963      0.3335 -0.00127656
Position before update:  0.209121  0.323455 0.0138974
Innovation (measurement - prediction):   0.010509  0.0100454 -0.0151739
Kalman Gain K:
    0.996705 -1.46892e-05  4.06143e-05
-1.46892e-05     0.996702 -3.53278e-05
   0.0400847   -0.0348672      0.92718
Corrected Position:     0.219595     0.333468 -0.000100606
Innovation Covariance S:
   0.0305609 -0.000317937    0.0169749
-0.000317937    0.0304797   -0.0147691
   0.0169749   -0.0147691      1.37176
P-Matrix before update:
   0.0304609 -0.000317937    0.0169749
-0.000317937    0.0303797   -0.0147691
   0.0169749   -0.0147691      1.27307
P-Matrix after update:
 9.96705e-05 -1.46892e-09  4.00847e-06
-1.46892e-09  9.96702e-05 -3.48672e-06
 4.00847e-06 -3.48672e-06     0.091509

===== UPDATE STEP (Camera Measurement) #35 =====
Camera Input:   0.200974   0.236875 0.00663589
Position before update:     0.190684     0.296784 -0.000100606
Innovation (measurement - prediction):  0.0102906 -0.0599084 0.00673649
Kalman Gain K:
    0.996712 -1.80154e-05  4.80477e-05
-1.80154e-05     0.996703 -3.71711e-05
   0.0474212   -0.0366864     0.927086
Corrected Position:   0.200942   0.237072 0.00883051
Innovation Covariance S:
   0.0307088 -0.000395179    0.0201708
-0.000395179    0.0305064   -0.0156061
   0.0201708   -0.0156061      1.37456
P-Matrix before update:
   0.0306088 -0.000395179    0.0201708
-0.000395179    0.0304064   -0.0156061
   0.0201708   -0.0156061      1.27586
P-Matrix after update:
 9.96712e-05 -1.80154e-09  4.74212e-06
-1.80154e-09  9.96703e-05 -3.66864e-06
 4.74212e-06 -3.66864e-06    0.0914997

===== UPDATE STEP (Camera Measurement) #36 =====
Camera Input:  0.209867  0.229905 -0.110684
Position before update:   0.177771   0.204705 0.00883051
Innovation (measurement - prediction): 0.0320963 0.0252008 -0.119514
Kalman Gain K:
    0.996705 -1.13617e-05  4.04737e-05
-1.13617e-05     0.996697 -2.86907e-05
    0.039946   -0.0283166     0.927458
Corrected Position:  0.209756  0.229825 -0.101445
Innovation Covariance S:
   0.0305547 -0.000252091    0.0169238
-0.000252091    0.0303787   -0.0119971
   0.0169238   -0.0119971      1.37455
P-Matrix before update:
   0.0304547 -0.000252091    0.0169238
-0.000252091    0.0302787   -0.0119971
   0.0169238   -0.0119971      1.27585
P-Matrix after update:
 9.96705e-05 -1.13617e-09   3.9946e-06
-1.13617e-09  9.96697e-05 -2.83166e-06
  3.9946e-06 -2.83166e-06    0.0915365

===== PREDICTION STEP (Encoder Update) #100 =====
Position after prediction:  0.186466  0.202768 -0.101445
P-Matrix (State Covariance) after prediction:
   0.0303141 -0.000183644    0.0128657
-0.000183644    0.0302569   -0.0110037
   0.0128657   -0.0110037      1.27589

[Summary] After 100 encoder updates:
  Non-zero RPMs: 99/100
  Kalman pose:  0.186466  0.202768 -0.101445
  Dead Reck pose: 0.140222 0.217656        0
  Actual pose:     0.141073     0.217698 -0.000420837

===== UPDATE STEP (Camera Measurement) #37 =====
Camera Input:   0.148398   0.251893 0.00592362
Position before update:  0.186466  0.202768 -0.101445
Innovation (measurement - prediction): -0.038068 0.0491247  0.107369
Kalman Gain K:
    0.996699 -8.79585e-06  3.08263e-05
-8.79585e-06     0.996696 -2.63645e-05
   0.0304243   -0.0260207     0.927706
Corrected Position:    0.148527    0.251728 -0.00427493
Innovation Covariance S:
   0.0304141 -0.000183644    0.0128657
-0.000183644    0.0303569   -0.0110037
   0.0128657   -0.0110037      1.37459
P-Matrix before update:
   0.0303141 -0.000183644    0.0128657
-0.000183644    0.0302569   -0.0110037
   0.0128657   -0.0110037      1.27589
P-Matrix after update:
 9.96699e-05 -8.79585e-10  3.04243e-06
-8.79585e-10  9.96696e-05 -2.60207e-06
 3.04243e-06 -2.60207e-06    0.0915609
Frame 100:
  Kalman Error (mm): [-7.45401, -34.03], (deg): 0.220823
  Dead Reckoning Error (mm): [0.850829, 0.0418739], (deg): -0.0241122

===== UPDATE STEP (Camera Measurement) #38 =====
Camera Input:  0.142559  0.179405 0.0124695
Position before update:    0.126931    0.220252 -0.00427493
Innovation (measurement - prediction):  0.0156279 -0.0408478  0.0167444
Kalman Gain K:
    0.996704 -1.04652e-05  3.77877e-05
-1.04652e-05     0.996696 -2.58368e-05
    0.037295   -0.0254999     0.927572
Corrected Position:  0.142508  0.179539 0.0128811
Innovation Covariance S:
  0.0305214 -0.00022017   0.0157937
-0.00022017   0.0303503  -0.0107989
  0.0157937  -0.0107989     1.37461
P-Matrix before update:
  0.0304214 -0.00022017   0.0157937
-0.00022017   0.0302503  -0.0107989
  0.0157937  -0.0107989     1.27591
P-Matrix after update:
 9.96704e-05 -1.04652e-09   3.7295e-06
-1.04652e-09  9.96696e-05 -2.54999e-06
  3.7295e-06 -2.54999e-06    0.0915477

===== UPDATE STEP (Camera Measurement) #39 =====
Camera Input:  0.139007  0.194132 0.0599743
Position before update:  0.128393  0.157702 0.0128811
Innovation (measurement - prediction): 0.0106132 0.0364298 0.0470932
Kalman Gain K:
    0.996696 -4.95673e-06  2.66022e-05
-4.95673e-06     0.996692  -1.7152e-05
   0.0262553   -0.0169283       0.9279
Corrected Position:  0.138973  0.194011 0.0562409
Innovation Covariance S:
   0.0303592 -0.000102935    0.0110796
-0.000102935    0.0302661  -0.00714367
   0.0110796  -0.00714367       1.3746
P-Matrix before update:
   0.0302592 -0.000102935    0.0110796
-0.000102935    0.0301661  -0.00714367
   0.0110796  -0.00714367       1.2759
P-Matrix after update:
 9.96696e-05 -4.95673e-10  2.62553e-06
-4.95673e-10  9.96692e-05 -1.69283e-06
 2.62553e-06 -1.69283e-06    0.0915801

===== UPDATE STEP (Camera Measurement) #40 =====
Camera Input: 0.107556 0.182026 0.035943
Position before update:   0.12474  0.169429 0.0562409
Innovation (measurement - prediction): -0.0171838  0.0125975 -0.0202979
Kalman Gain K:
    0.996697 -5.06065e-06  2.73229e-05
-5.06065e-06     0.996692 -1.57857e-05
   0.0269666   -0.0155799     0.927904
Corrected Position:  0.107612  0.181985 0.0367467
Innovation Covariance S:
    0.030374 -0.000100774    0.0113828
-0.000100774    0.0302579  -0.00657638
   0.0113828  -0.00657638      1.37463
P-Matrix before update:
    0.030274 -0.000100774    0.0113828
-0.000100774    0.0301579  -0.00657638
   0.0113828  -0.00657638      1.27593
P-Matrix after update:
 9.96697e-05 -5.06065e-10  2.69666e-06
-5.06065e-10  9.96692e-05 -1.55799e-06
 2.69666e-06 -1.55799e-06    0.0915804

===== UPDATE STEP (Camera Measurement) #41 =====
Camera Input: 0.0798199 0.0928034 0.0761483
Position before update: 0.0929996  0.157558 0.0367467
Innovation (measurement - prediction): -0.0131797  -0.064755  0.0394016
Kalman Gain K:
    0.996698 -5.25765e-06  2.89108e-05
-5.25765e-06     0.996692 -1.72633e-05
   0.0285338   -0.0170382     0.927863
Corrected Position: 0.0798649 0.0930171 0.0740332
Innovation Covariance S:
   0.0303858 -0.000111149    0.0120453
-0.000111149    0.0302661  -0.00719252
   0.0120453  -0.00719252      1.37463
P-Matrix before update:
   0.0302858 -0.000111149    0.0120453
-0.000111149    0.0301661  -0.00719252
   0.0120453  -0.00719252      1.27593
P-Matrix after update:
 9.96698e-05 -5.25765e-10  2.85338e-06
-5.25765e-10  9.96692e-05 -1.70382e-06
 2.85338e-06 -1.70382e-06    0.0915764

===== UPDATE STEP (Camera Measurement) #42 =====
Camera Input: 0.0648345 0.0917904  0.026601
Position before update: 0.0672898 0.0698573 0.0740332
Innovation (measurement - prediction): -0.00245531   0.0219332  -0.0474322
Kalman Gain K:
      0.9967 -5.94142e-06  3.26938e-05
-5.94142e-06     0.996692 -1.77383e-05
   0.0322675    -0.017507     0.927787
Corrected Position: 0.0648409 0.0917187  0.029563
Innovation Covariance S:
   0.0304351 -0.000127751    0.0136306
-0.000127751     0.030269  -0.00739539
   0.0136306  -0.00739539      1.37462
P-Matrix before update:
   0.0303351 -0.000127751    0.0136306
-0.000127751     0.030169  -0.00739539
   0.0136306  -0.00739539      1.27593
P-Matrix after update:
   9.967e-05 -5.94142e-10  3.22675e-06
-5.94142e-10  9.96692e-05  -1.7507e-06
 3.22675e-06  -1.7507e-06    0.0915689

===== UPDATE STEP (Camera Measurement) #43 =====
Camera Input: 0.0566537 0.0774361 0.0332356
Position before update: 0.0558713 0.0767101  0.029563
Innovation (measurement - prediction): 0.000782432 0.000725969  0.00367264
Kalman Gain K:
    0.995055 -3.10248e-06  1.95771e-05
-3.10248e-06     0.995051 -1.16878e-05
   0.0193218   -0.0115354     0.899169
Corrected Position: 0.0566499 0.0774324 0.0328721
Innovation Covariance S:
   0.0202363 -2.18511e-05   0.00388028
-2.18511e-05    0.0202127  -0.00231659
  0.00388028  -0.00231659     0.979833
P-Matrix before update:
   0.0201363 -2.18511e-05   0.00388028
-2.18511e-05    0.0201127  -0.00231659
  0.00388028  -0.00231659     0.881137
P-Matrix after update:
 9.95055e-05 -3.10248e-10  1.93218e-06
-3.10248e-10  9.95051e-05 -1.15354e-06
 1.93218e-06 -1.15354e-06    0.0887444

===== UPDATE STEP (Camera Measurement) #44 =====
Camera Input:  0.103783 0.0300817 0.0312037
Position before update: 0.0469411 0.0609712 0.0328721
Innovation (measurement - prediction):   0.0568423  -0.0308895 -0.00166836
Kalman Gain K:
    0.996693 -2.38236e-06  1.87873e-05
-2.38236e-06      0.99669 -1.10696e-05
   0.0185423   -0.0109252     0.927911
Corrected Position:  0.103595 0.0301838 0.0327154
Innovation Covariance S:
   0.0302807 -4.78675e-05   0.00779591
-4.78675e-05    0.0302277  -0.00459341
  0.00779591  -0.00459341      1.37179
P-Matrix before update:
   0.0301807 -4.78675e-05   0.00779591
-4.78675e-05    0.0301277  -0.00459341
  0.00779591  -0.00459341       1.2731
P-Matrix after update:
 9.96693e-05 -2.38236e-10  1.85423e-06
-2.38236e-10   9.9669e-05 -1.09252e-06
 1.85423e-06 -1.09252e-06    0.0915812

===== UPDATE STEP (Camera Measurement) #45 =====
Camera Input: 0.00639224   0.070357  0.0186239
Position before update: 0.0949234  0.015416 0.0327154
Innovation (measurement - prediction): -0.0885312   0.054941 -0.0140916
Kalman Gain K:
    0.996692 -2.01728e-06  1.69036e-05
-2.01728e-06      0.99669 -9.91967e-06
   0.0166832  -0.00979033     0.928087
Corrected Position: 0.00668474  0.0701755  0.0176224
Innovation Covariance S:
    0.030267 -3.95042e-05   0.00702707
-3.95042e-05    0.0302229  -0.00412375
  0.00702707  -0.00412375      1.37463
P-Matrix before update:
    0.030167 -3.95042e-05   0.00702707
-3.95042e-05    0.0301229  -0.00412375
  0.00702707  -0.00412375      1.27593
P-Matrix after update:
 9.96692e-05 -2.01728e-10  1.66832e-06
-2.01728e-10   9.9669e-05 -9.79033e-07
 1.66832e-06 -9.79033e-07    0.0915985

===== UPDATE STEP (Camera Measurement) #46 =====
Camera Input: 0.00141176  0.0252312 -0.0403545
Position before update: -0.000596368    0.0581562    0.0176224
