# Trajectory Log File
# Format: timestamp(s) x(m) y(m) theta(rad) vx(m/s) vy(m/s) omega(rad/s)
# WAYPOINTS
# WP 0 0 0 0
# WP 1 1 0 0
# WP 2 1 1 1.5708
# WP 3 0 1 3.14159
# WP 4 0 0 -1.5708
# TRAJECTORY_TYPE 4
# DATA_START
0.123644 0.0060319 3.71952e-19 0 0.110696 -5.91033e-19 0
0.22758 0.0206962 7.58414e-19 0 0.172534 -1.45934e-18 0
0.247221 0.0244319 1.0579e-18 0 0.191451 -3.77148e-18 0
0.289919 0.0337129 1.48215e-18 0 0.234977 -4.15479e-18 0
0.304028 0.0370858 1.82227e-18 0 0.207873 -1.04237e-17 0
0.328717 0.0431931 2.16435e-18 0 0.246034 -6.51285e-18 0
0.345174 0.0477079 2.39374e-18 0 0.250367 -7.33781e-18 0
0.364237 0.0530279 2.51638e-18 0 0.247229 -5.01914e-18 0
0.379804 0.0574139 2.63075e-18 0 0.322798 -6.18164e-18 0
0.402913 0.0643377 3.1949e-18 0 0.245023 -2.4626e-17 0
0.424004 0.0707065 3.08017e-18 0 0.248734 -6.17384e-18 0
0.443665 0.0769505 3.2013e-18 0 0.299325 -6.45682e-18 0
0.460999 0.0831568 3.43812e-18 0 0.416397 -6.46239e-18 0
0.478377 0.0901641 3.75423e-18 0 0.379513 -1.07655e-17 0
0.495445 0.0950849 3.83909e-18 0 0.420856 -7.58116e-18 0
0.512716 0.102454 3.84161e-18 0 0.439936 -7.75752e-18 0
0.529652 0.109465 4.14602e-18 0 0.43129 -1.14503e-17 0
0.549007 0.117931 4.56977e-18 0 0.448019 -1.16888e-17 0
0.570444 0.127937 5.17034e-18 0 0.467634 -1.27391e-17 0
0.589414 0.136904 5.47853e-18 0 0.49177 -1.069e-17 0
0.610267 0.147226 6.0574e-18 0 0.503806 -1.43061e-17 0
0.630358 0.157433 6.8319e-18 0 0.516947 -1.55983e-17 0
0.659755 0.172965 7.70698e-18 0 0.588008 -1.5333e-17 0
0.676272 0.182462 8.16436e-18 0 0.538378 -1.9163e-17 0
0.701189 0.196195 8.85491e-18 0 0.57711 -1.99574e-17 0
0.720171 0.207108 9.38377e-18 0 0.591306 -2.11088e-17 0
0.744551 0.197007 8.57258e-18 0 0.71281 -1.62704e-17 0
0.761369 0.210557 9.23402e-18 0 0.7226 -1.87165e-17 0
0.782875 0.225508 9.51775e-18 0 0.74174 -1.87363e-17 0
0.80202 0.239817 9.51775e-18 0 0.754452 -1.9322e-17 0
0.820927 0.254176 9.51775e-18 0 0.766265 -1.934e-17 0
0.840397 0.268997 9.94471e-18 0 0.777763 -1.93582e-17 0
0.856363 0.281245 1.0844e-17 0 0.688099 -2.83486e-17 0
0.87299 0.292975 1.17686e-17 0 0.708066 -3.05004e-17 0
0.889573 0.305803 1.26887e-17 0 0.738678 -3.0239e-17 0
0.906264 0.318052 1.28483e-17 0 0.708743 -2.60972e-17 0
0.922836 0.330601 1.33908e-17 0 0.571281 -4.56313e-17 0
0.939416 0.341868 1.35157e-17 0 0.825835 -2.50245e-17 0
0.956036 0.336843 9.90365e-18 0 0.957551 1.98472e-18 0
0.972598 0.350377 1.08124e-17 0 0.808805 -2.91451e-17 0
0.98985 0.365727 1.17677e-17 0 0.845812 -2.8606e-17 0
1.00616 0.379495 1.26722e-17 0 0.804892 -3.43522e-17 0
1.02275 0.393806 1.35762e-17 0 0.648874 -4.62188e-17 0
1.03968 0.406909 1.39805e-17 0 0.940959 -2.77144e-17 0
1.05645 0.422328 1.46868e-17 0 0.871467 -3.66316e-17 0
1.07296 0.437123 1.56091e-17 0 0.882979 -3.85797e-17 0
1.0903 0.453887 1.65702e-17 0 0.927963 -3.78734e-17 0
1.10694 0.46911 1.76949e-17 0 0.924459 -4.84232e-17 0
1.12657 0.487486 1.76949e-17 0 0.882845 -3.60928e-17 0
1.14725 0.506339 1.8458e-17 0 0.895974 -4.36598e-17 0
1.16443 0.521659 1.94111e-17 0 0.854564 -4.74665e-17 0
1.19238 0.546551 2.09631e-17 0 0.860373 -4.83149e-17 0
1.20681 0.558845 2.12094e-17 0 0.827615 -4.27878e-17 0
1.22847 0.577127 2.24098e-17 0 0.849366 -5.03953e-17 0
1.25344 0.598406 2.37966e-17 0 0.854157 -5.13705e-17 0
1.27265 0.613482 2.43731e-17 0 0.831289 -5.43955e-17 0
1.29801 0.634125 2.50026e-17 0 0.74697 -5.51798e-17 0
1.31561 0.646408 2.43769e-17 0 0.784897 -4.4475e-17 0
1.33366 0.660505 2.53108e-17 0 0.731338 -5.84612e-17 0
1.35204 0.674929 2.5796e-17 0 0.7616 -5.67667e-17 0
1.36802 0.686284 2.5796e-17 0 0.711472 -5.2841e-17 0
1.38465 0.697919 2.62123e-17 0 0.497592 -7.49704e-17 0
1.40135 0.708711 2.57828e-17 0 0.77535 -5.29007e-17 0
1.41805 0.721059 2.57828e-17 0 0.653673 -5.29435e-17 0
1.43483 0.731014 2.51812e-17 0 0.679886 -4.95324e-17 0
1.45198 0.742833 2.49167e-17 0 0.681696 -5.18261e-17 0
1.46917 0.753723 2.48938e-17 0 0.642117 -5.12939e-17 0
1.48604 0.764379 2.43398e-17 0 0.587676 -4.1544e-17 0
1.5027 0.774631 2.43398e-17 0 0.458233 -5.02688e-17 0
1.51929 0.783464 2.39562e-17 0 0.636603 -5.03091e-17 0
1.53593 0.779003 2.43203e-17 0 0.716524 -5.25532e-17 0
1.55252 0.789007 2.43203e-17 0 0.575342 -5.0351e-17 0
1.56917 0.799332 2.43203e-17 0 0.574544 -5.03914e-17 0
1.58562 0.808658 2.43203e-17 0 0.524618 -5.04314e-17 0
1.6023 0.818241 2.43203e-17 0 0.614169 -5.04717e-17 0
1.61895 0.827897 2.41398e-17 0 0.518738 -5.05125e-17 0
1.63547 0.831578 2.37751e-17 0 0.570471 -4.78386e-17 0
1.65208 0.840568 2.35828e-17 0 0.543107 -4.75664e-17 0
1.66906 0.848995 2.31404e-17 0 0.505284 -4.58994e-17 0
1.68566 0.85699 2.28504e-17 0 0.376958 -3.89974e-17 0
1.70245 0.86456 2.30333e-17 0 0.525242 -4.81404e-17 0
1.71915 0.872756 2.22959e-17 0 0.443194 -4.37502e-17 0
1.73621 0.874819 2.20641e-17 0 0.495822 -4.48595e-17 0
1.7524 0.882194 2.16147e-17 0 0.464813 -4.46008e-17 0
1.76901 0.88912 2.11533e-17 0 0.422483 -4.19084e-17 0
1.78583 0.896014 2.08771e-17 0 0.376172 -3.9082e-17 0
1.80239 0.902857 2.10589e-17 0 0.436993 -4.44014e-17 0
1.81897 0.909627 2.10589e-17 0 0.364058 -4.44364e-17 0
1.83554 0.911907 2.05895e-17 0 0.399859 -3.98409e-17 0
1.85214 0.918093 2.0397e-17 0 0.373597 -4.16366e-17 0
1.86869 0.923661 2.0397e-17 0 0.338638 -4.32143e-17 0
1.88528 0.929125 2.0397e-17 0 0.296274 -4.32482e-17 0
1.90171 0.934452 2.02679e-17 0 0.345321 -4.32817e-17 0
1.91814 0.939776 1.99614e-17 0 0.28404 -4.1064e-17 0
1.93479 0.943546 1.90368e-17 0 0.290168 -3.56798e-17 0
1.95193 0.948333 1.85787e-17 0 0.27735 -3.71382e-17 0
1.96825 0.952561 1.7908e-17 0 0.247285 -3.36827e-17 0
1.98462 0.956527 1.72573e-17 0 0.215162 -2.93789e-17 0
2.00118 0.960393 1.67973e-17 0 0.249342 -3.67533e-17 0
2.01767 0.964247 1.62661e-17 0 0.201316 -3.23134e-17 0
2.03434 0.9672 1.61575e-17 0 0.197596 -3.52584e-17 0
2.05087 0.970418 1.56997e-17 0 0.186839 -3.26138e-17 0
2.06725 0.973214 1.52435e-17 0 0.162376 -2.9949e-17 0
2.08383 0.975839 1.47344e-17 0 0.129043 -2.39899e-17 0
2.10099 0.978236 1.43244e-17 0 0.153934 -3.20585e-17 0
2.11693 0.980558 1.38277e-17 0 0.118471 -2.64157e-17 0
2.13334 0.982435 1.34856e-17 0 0.108225 -2.75269e-17 0
2.14992 0.984194 1.32562e-17 0 0.0965656 -2.83764e-17 0
2.16633 0.985612 1.28465e-17 0 0.0735959 -2.34746e-17 0
2.18293 0.986824 1.248e-17 0 0.0521557 -2.16186e-17 0
2.19947 0.987722 1.21119e-17 0 0.0573783 -2.62341e-17 0
2.216 0.986215 1.26368e-17 0 0.0600542 -3.229e-17 0
2.23249 0.986865 1.21796e-17 0 0.0283802 -2.38244e-17 0
2.24909 0.987333 0.000100943 0.000315058 0.0260155 0.0107678 0.0336794
2.26562 0.987756 0.000402148 0.00125762 0.0237441 0.0223432 0.0700273
2.28228 0.988191 0.000960735 0.0029989 0.027853 0.0409369 0.128337
2.29891 0.988624 0.00169298 0.00528572 0.0235407 0.0495098 0.155442
2.31559 0.988871 0.00225968 0.00705918 0.025807 0.06767 0.212492
2.33213 0.989269 0.00352986 0.0110264 0.0257789 0.0815834 0.256394
2.34868 0.989633 0.00493532 0.0154176 0.0250283 0.0911295 0.286997
2.36523 0.989992 0.00656186 0.0205046 0.0235114 0.0947465 0.298733
2.38169 0.99035 0.0084628 0.0264389 0.0297082 0.129142 0.407627
2.3982 0.990707 0.0105915 0.0331008 0.0277183 0.125807 0.397897
2.41475 0.990965 0.0123131 0.0384751 0.0316396 0.147067 0.465838
2.43129 0.991301 0.014969 0.046758 0.0345173 0.161625 0.511994
2.44804 0.991613 0.0177239 0.0553801 0.0365496 0.166364 0.529506
2.46451 0.991912 0.0206564 0.0645413 0.0368619 0.160496 0.511838
2.48118 0.99221 0.0238762 0.0746014 0.050757 0.214616 0.68644
2.49768 0.992501 0.027429 0.0856921 0.0506423 0.199292 0.64046
2.51439 0.992741 0.0305125 0.0953307 0.0595533 0.221086 0.713441
2.53087 0.993023 0.0345438 0.107934 0.0674622 0.237105 0.768389
2.54756 0.993283 0.0386198 0.12067 0.072634 0.235098 0.768004
2.56418 0.993534 0.0429018 0.134049 0.073639 0.219152 0.721423
2.58075 0.993778 0.0473654 0.14803 0.103445 0.291219 0.964349
2.59719 0.994004 0.0523249 0.163493 0.102793 0.262878 0.880929
2.61369 0.994208 0.0567665 0.177375 0.118566 0.280652 0.950739
2.63051 0.994452 0.0623077 0.194709 0.13367 0.296124 1.01378
2.64706 0.994666 0.0676448 0.211403 0.141693 0.287433 1.00055
2.66357 0.994873 0.0732089 0.228753 0.136275 0.253273 0.900013
2.68009 0.995071 0.078796 0.246226 0.19662 0.345055 1.24018
2.69661 0.995235 0.0851908 0.266202 0.191228 0.30406 1.12183
2.71313 0.995403 0.0911276 0.284775 0.213245 0.311636 1.17906
2.72959 0.995606 0.097949 0.30609 0.235526 0.321486 1.2445
2.74612 0.995783 0.10458 0.326807 0.242626 0.302246 1.21219
2.76271 0.995956 0.111483 0.348393 0.211342 0.23993 0.998277
2.77923 0.996111 0.117757 0.367966 0.316993 0.340012 1.4519
2.79572 0.996077 0.116639 0.364736 0.360436 0.38914 1.65509
2.81212 0.996256 0.124742 0.389995 0.358725 0.358043 1.58282
2.82872 0.996413 0.132668 0.414779 0.370126 0.331562 1.55212
2.84518 0.99656 0.140867 0.440362 0.36146 0.289123 1.44786
2.86172 0.996711 0.149569 0.467561 0.463586 0.340776 1.79707
2.87828 0.996772 0.158728 0.496182 0.43266 0.276529 1.60377
2.89486 0.996867 0.165241 0.516502 0.489162 0.283221 1.765
2.91134 0.997024 0.174793 0.546355 0.516972 0.267965 1.81844
2.928 0.99716 0.184109 0.575463 0.515345 0.226704 1.76005
2.94468 0.997281 0.193686 0.605408 0.48991 0.178371 1.63223
2.96119 0.997406 0.203557 0.636238 0.63328 0.197682 2.07224
2.97773 0.997405 0.214127 0.669271 0.57492 0.132705 1.84301
2.99423 0.997472 0.222875 0.696658 0.62112 0.104849 1.96664
3.01105 0.997613 0.233992 0.731556 0.650796 0.0737528 2.04629
3.0274 0.997723 0.244445 0.763983 0.631782 0.0255159 1.97626
3.04399 0.997822 0.255297 0.797184 0.56936 -0.0183599 1.71511
3.06044 0.99793 0.266115 0.829007 0.746748 -0.0604766 2.1639
3.07693 0.997878 0.278079 0.863187 0.655583 -0.105746 1.83346
3.09357 0.997929 0.288965 0.893059 0.676223 -0.154351 1.83837
3.11016 0.998056 0.30132 0.925056 0.697442 -0.196802 1.84489
3.12678 0.998152 0.313206 0.954541 0.656783 -0.23268 1.70077
3.14332 0.998239 0.325251 0.983329 0.54828 -0.234222 1.39465
3.15991 0.998337 0.336929 1.01004 0.753683 -0.358652 1.87526
3.17656 0.998275 0.350398 1.04008 0.644352 -0.363127 1.5854
3.19313 0.998313 0.362835 1.06646 0.641021 -0.411195 1.56568
3.20967 0.998427 0.37651 1.09392 0.648124 -0.456777 1.56176
3.2265 0.998511 0.389846 1.11948 0.601106 -0.476316 1.44829
3.24314 0.998591 0.403282 1.14425 0.483055 -0.427521 1.15856
3.25975 0.998678 0.415729 1.16616 0.640521 -0.6059 1.5216
3.27647 0.998622 0.430193 1.19088 0.563824 -0.597063 1.34698
3.29309 0.998653 0.444036 1.21334 0.545133 -0.636911 1.31224
3.30978 0.998759 0.459257 1.23656 0.543825 -0.684568 1.30736
3.32689 0.998838 0.474167 1.25823 0.494795 -0.687176 1.20655
3.34466 0.998915 0.489852 1.27997 0.434446 -0.666322 1.07361
3.36145 0.998994 0.505062 1.30007 0.519722 -0.853212 1.30208
3.37797 0.998954 0.520757 1.32038 0.408827 -0.749218 1.08629
3.39457 0.998997 0.532515 1.33529 0.401077 -0.796401 1.1097
3.41112 0.99909 0.547539 1.35374 0.377364 -0.807096 1.0839
3.42764 0.999166 0.561424 1.37036 0.321922 -0.761576 0.981224
3.44411 0.999232 0.575167 1.38646 0.255318 -0.670488 0.824329
3.46077 0.999306 0.588717 1.40185 0.303867 -0.857882 1.02273
3.4772 0.99929 0.603029 1.41779 0.231515 -0.740376 0.843434
3.49373 0.999333 0.615294 1.43105 0.213292 -0.758405 0.830189
3.51027 0.999416 0.628855 1.4451 0.197274 -0.767237 0.807182
3.52676 0.999483 0.641449 1.45762 0.162266 -0.71406 0.71906
3.5433 0.999546 0.653938 1.46963 0.11834 -0.593194 0.570056
3.55986 0.999612 0.665554 1.48034 0.147026 -0.805586 0.741203
3.5764 0.999619 0.678594 1.49203 0.106355 -0.688563 0.599228
3.59293 0.999661 0.690276 1.50222 0.104185 -0.751734 0.623174
3.60944 0.999732 0.701591 1.5111 0.0827297 -0.701651 0.548426
3.62592 0.999792 0.712865 1.51954 0.0627378 -0.636712 0.466485
3.64233 0.999853 0.724424 1.52763 0.0637374 -0.743478 0.510202
3.659 0.999885 0.736124 1.5354 0.0425391 -0.63289 0.398553
3.6755 0.999902 0.739534 1.53742 0.0440986 -0.710278 0.414798
3.69208 0.999967 0.750655 1.54349 0.0352622 -0.67449 0.356888
3.70853 1.00003 0.760859 1.54849 0.0253421 -0.623004 0.294391
3.72506 1.00008 0.770999 1.55293 0.0161975 -0.529532 0.218778
3.74158 1.00013 0.781018 1.55672 0.0164291 -0.666899 0.237547
3.75817 1.00018 0.791485 1.56022 0.00914238 -0.564954 0.161515
3.77464 1.00022 0.798792 1.56224 0.00692273 -0.591293 0.132491
3.79116 1.00027 0.80856 1.56399 0.00509903 -0.581979 0.0904274
3.80765 1.00032 0.817528 1.56497 0.00334994 -0.534805 0.0438123
3.82425 1.00037 0.826419 1.56534 0.00245965 -0.461761 0.00869657
3.84072 1.00042 0.835003 1.56551 0.00293847 -0.577296 0.0118107
3.85765 1.00047 0.844457 1.56571 0.00222766 -0.478908 0.00974583
3.87625 1.00052 0.853491 1.56589 0.00213915 -0.495554 0.0100612
3.89122 1.00056 0.860812 1.56604 0.00205734 -0.504354 0.0102308
3.90804 1.0006 0.868621 1.5662 0.00169776 -0.455012 0.00922408
3.92464 1.00065 0.876142 1.56635 0.0013633 -0.401626 0.008145
3.94194 1.00069 0.883838 1.56651 0.00152714 -0.484216 0.00983495
3.95785 1.00073 0.891122 1.56666 0.0011284 -0.403584 0.00819659
3.97429 1.00076 0.897096 1.56678 0.00104224 -0.413318 0.00842377
3.99079 1.0008 0.904012 1.56692 0.000925896 -0.406919 0.00832401
4.00732 1.00083 0.910322 1.56705 0.000731574 -0.373604 0.00769131
4.02393 1.00087 0.916516 1.56718 0.000513684 -0.313116 0.00649261
4.04039 1.0009 0.922301 1.5673 0.000558089 -0.393557 0.00822085
4.05685 1.00094 0.928487 1.56743 0.00035181 -0.327535 0.00690058
4.07333 1.00097 0.933744 1.56754 0.000249769 -0.322118 0.00685872
4.08993 1.001 0.93931 1.56766 0.000163315 -0.315653 0.00680412
4.10638 1.00103 0.944287 1.56777 5.53515e-05 -0.283677 0.0061992
4.1228 1.00106 0.949076 1.56787 -2.92161e-05 -0.218736 0.00486647
4.13929 1.00108 0.953171 1.56796 -0.000104959 -0.29036 0.00656275
4.15582 1.00107 0.950831 1.56791 -0.000124037 -0.322024 0.00738656
4.17236 1.00109 0.955257 1.56802 -0.000191996 -0.274612 0.00647484
4.18892 1.00112 0.959287 1.56811 -0.000262952 -0.244567 0.00591076
4.20541 1.00115 0.963167 1.56821 -0.000304283 -0.206547 0.00514631
4.22187 1.00117 0.966904 1.5683 -0.00043925 -0.242212 0.00622177
4.23845 1.0012 0.970632 1.5684 -0.000449403 -0.195734 0.00522369
4.25497 1.00121 0.972947 1.56846 -0.00053491 -0.198545 0.00550144
4.27141 1.00124 0.976071 1.56855 -0.000585665 -0.184956 0.00536003
4.288 1.00126 0.978805 1.56863 -0.000602743 -0.160719 0.00490993
4.3045 1.00128 0.981368 1.56871 -0.000580211 -0.131485 0.00426338
4.32091 1.0013 0.983695 1.56879 -0.000768129 -0.151367 0.00522539
4.33748 1.00132 0.98603 1.56888 -0.000705958 -0.116793 0.00438483
4.35403 1.00134 0.987769 1.56894 -0.000767068 -0.108645 0.00444488
4.37068 1.00136 0.989508 1.56902 -0.000808296 -0.0967885 0.00439324
4.38734 1.00138 0.990922 1.56909 -0.000790296 -0.0780394 0.00403753
4.40397 1.0014 0.992129 1.56915 -0.000714123 -0.056645 0.00344414
4.42047 1.00141 0.993089 1.56922 -0.000948922 -0.0595353 0.00436179
4.43706 1.00143 0.993971 1.56929 -0.000841195 -0.0372347 0.00366768
4.45344 1.00145 0.994534 1.56935 -0.00087668 -0.0252493 0.00365848
4.46996 1.00146 0.994834 1.56941 -0.000904141 -0.0122629 0.00362182
4.48664 1.00137 0.99501 1.56981 0.01069 -0.00991334 0.0393506
4.50308 1.00107 0.995177 1.57084 0.0196659 -0.00801219 0.0663349
4.51972 1.00058 0.995331 1.57245 0.0414005 -0.0109788 0.135969
4.53624 0.999865 0.995504 1.5748 0.0500495 -0.00951361 0.16213
4.55269 0.998989 0.995657 1.57762 0.0629086 -0.00979687 0.202243
4.56928 0.997716 0.995815 1.58171 0.077046 -0.0104217 0.2466
4.58595 0.996309 0.99596 1.58619 0.0857425 -0.0107483 0.273725
4.60241 0.994689 0.996101 1.59133 0.115166 -0.0137467 0.366862
4.61897 0.992774 0.996243 1.5974 0.114939 -0.0138264 0.365545
4.63551 0.992046 0.99629 1.59974 0.142955 -0.0168768 0.453894
4.65206 0.989599 0.996427 1.60745 0.153067 -0.0188356 0.485683
4.66868 0.987063 0.996553 1.61546 0.157799 -0.021252 0.501427
4.68538 0.984286 0.996675 1.62421 0.157614 -0.0235051 0.501509
4.702 0.981196 0.996798 1.63394 0.204278 -0.0327414 0.650631
4.71879 0.977799 0.996912 1.64462 0.191846 -0.0347049 0.612733
4.7353 0.975587 0.996985 1.65159 0.220809 -0.0428199 0.706389
4.75185 0.971738 0.997101 1.66371 0.234114 -0.0493985 0.751177
4.76837 0.967899 0.997206 1.67575 0.232635 -0.0550175 0.750514
4.78483 0.963837 0.997306 1.68851 0.220686 -0.0583131 0.716456
4.80134 0.959454 0.997406 1.70225 0.285348 -0.081274 0.930689
4.81807 0.954631 0.997485 1.71739 0.25942 -0.0831571 0.854255
4.83466 0.950912 0.997555 1.72909 0.285761 -0.0992735 0.948104
4.85113 0.945669 0.997654 1.74549 0.298867 -0.112196 1.00077
4.86781 0.94048 0.997742 1.76182 0.290866 -0.120857 0.987371
4.88429 0.935072 0.997825 1.7787 0.264748 -0.121444 0.912715
4.90076 0.929486 0.997907 1.79621 0.346324 -0.169759 1.20815
4.91724 0.923309 0.997947 1.81555 0.3063 -0.167085 1.09274
4.93406 0.917751 0.998007 1.833 0.322386 -0.191588 1.17411
4.95069 0.911085 0.998093 1.85394 0.334757 -0.213913 1.24374
4.96707 0.904656 0.998164 1.87401 0.316737 -0.222599 1.21211
4.98364 0.897949 0.99823 1.89499 0.274098 -0.211912 1.09034
5.00023 0.89122 0.998299 1.91615 0.365436 -0.301388 1.48245
5.01666 0.883621 0.998299 1.93987 0.312959 -0.287984 1.33089
5.03322 0.876562 0.998337 1.96197 0.31333 -0.317172 1.3948
5.04976 0.868527 0.998413 1.98712 0.316484 -0.3468 1.4687
5.06632 0.860795 0.998461 2.01133 0.298127 -0.363606 1.47401
5.08279 0.852713 0.998515 2.03663 0.221961 -0.30363 1.17317
5.0993 0.845387 0.998573 2.05953 0.302206 -0.444557 1.68214
5.11579 0.848826 0.998527 2.04882 0.362672 -0.514929 1.96975
5.13239 0.839763 0.998533 2.07713 0.315718 -0.494876 1.83573
5.14882 0.830668 0.998606 2.10557 0.274359 -0.49544 1.77019
5.16532 0.821244 0.998648 2.13503 0.227964 -0.483461 1.67512
5.18182 0.811256 0.998695 2.16629 0.252094 -0.608464 2.05945
5.1985 0.800718 0.998626 2.19926 0.182725 -0.556989 1.83254
5.21503 0.793887 0.998646 2.22065 0.173109 -0.625571 2.02889
5.23159 0.783012 0.998712 2.25466 0.141824 -0.647099 2.07033
5.24814 0.772566 0.998763 2.28739 0.0913397 -0.632813 2.00017
5.26457 0.761858 0.998794 2.3208 0.0406787 -0.585542 1.83577
5.28102 0.75082 0.998835 2.35452 0.0129602 -0.746097 2.24277
5.2975 0.738956 0.998714 2.38973 -0.0427623 -0.659985 1.90112
5.3141 0.728884 0.998713 2.41853 -0.0892398 -0.697262 1.94296
5.33064 0.716638 0.998778 2.45155 -0.1306 -0.717875 1.93727
5.34714 0.70492 0.998819 2.48189 -0.171826 -0.67892 1.78534
5.36366 0.692936 0.998848 2.51178 -0.19169 -0.590353 1.51967
5.38027 0.680966 0.998893 2.54043 -0.2908 -0.778078 1.95105
5.40002 0.665396 0.998761 2.57681 -0.318103 -0.684684 1.68238
5.41706 0.656006 0.998789 2.59703 -0.379687 -0.732149 1.76879
5.43405 0.643471 0.998772 2.6233 -0.402767 -0.67306 1.6037
5.45196 0.62812 0.998841 2.65381 -0.462692 -0.700081 1.63793
5.46779 0.615473 0.998891 2.67785 -0.481712 -0.647799 1.51154
5.48663 0.599896 0.998928 2.70628 -0.505236 -0.60053 1.39664
5.50432 0.585136 0.998967 2.73191 -0.50436 -0.538241 1.25163
5.52156 0.570439 0.999009 2.75629 -0.678744 -0.672902 1.55734
5.53733 0.555882 0.998902 2.77964 -0.636174 -0.563882 1.31466
5.55394 0.54276 0.998898 2.7998 -0.686256 -0.554822 1.30361
5.57054 0.527012 0.998958 2.82243 -0.736228 -0.554061 1.29849
5.58955 0.509784 0.999005 2.84592 -0.752686 -0.509829 1.2117
5.60882 0.492229 0.999049 2.86897 -0.763347 -0.467157 1.16404
5.6228 0.478774 0.999071 2.88602 -0.858 -0.488897 1.25773
5.63938 0.4634 0.999024 2.90555 -0.751939 -0.386715 1.06934
5.65643 0.475062 0.998898 2.89055 -0.957778 -0.527194 1.34101
5.67319 0.46053 0.998896 2.90805 -0.77945 -0.389502 1.03636
5.69008 0.444881 0.998957 2.92638 -0.798889 -0.370521 1.01989
5.70689 0.430449 0.998998 2.94283 -0.747558 -0.313334 0.913074
5.72334 0.416529 0.999039 2.95827 -0.640825 -0.243805 0.753358
5.73985 0.403463 0.999084 2.97237 -0.866938 -0.308543 0.977157
5.7565 0.388747 0.999036 2.98792 -0.747502 -0.235982 0.802216
5.77295 0.375717 0.999049 3.00115 -0.748963 -0.212822 0.769558
5.78945 0.361974 0.999104 3.01443 -0.756568 -0.197681 0.744213
5.8061 0.349262 0.999139 3.02629 -0.722092 -0.168427 0.677248
5.82258 0.336586 0.999178 3.03758 -0.821431 -0.17005 0.733563
5.83905 0.323563 0.999229 3.04874 -0.705208 -0.132505 0.593994
5.85562 0.320735 0.99924 3.05105 -0.79957 -0.144897 0.642156
5.87209 0.308241 0.999288 3.06051 -0.755098 -0.124827 0.57
5.88868 0.296636 0.999329 3.06881 -0.706423 -0.103059 0.49821
5.9053 0.285084 0.999366 3.07659 -0.629859 -0.0806661 0.412067
5.92188 0.273341 0.999405 3.08383 -0.751384 -0.087578 0.454494
5.93851 0.26147 0.999416 3.09074 -0.638544 -0.0638137 0.34822
5.95499 0.253428 0.999441 3.09503 -0.673699 -0.0608341 0.33272
5.9715 0.242343 0.999483 3.10008 -0.664993 -0.0545518 0.290894
5.988 0.23215 0.999521 3.10414 -0.61311 -0.0444695 0.231447
6.00456 0.221982 0.999556 3.10761 -0.53905 -0.034844 0.168706
6.02108 0.212016 0.999592 3.11037 -0.659675 -0.0396966 0.165741
6.03774 0.20155 0.99962 3.11277 -0.558333 -0.0303101 0.097624
6.05459 0.192459 0.999652 3.11421 -0.561887 -0.0287182 0.058618
6.07133 0.182775 0.999689 3.11513 -0.569088 -0.0282711 0.053369
6.08762 0.174063 0.999721 3.11594 -0.524917 -0.0251076 0.0491113
6.10425 0.165388 0.999753 3.11675 -0.468067 -0.0215544 0.0436991
6.12128 0.156562 0.999786 3.11757 -0.562099 -0.0251778 0.0523498
6.13861 0.147388 0.999817 3.11842 -0.475916 -0.0203905 0.0442066
6.15506 0.141868 0.999837 3.11893 -0.499905 -0.0208503 0.046456
6.17273 0.133124 0.999868 3.11975 -0.489016 -0.0197739 0.0454567
6.1905 0.125194 0.999898 3.12048 -0.45867 -0.0178058 0.0427088
6.20712 0.117951 0.999925 3.12116 -0.420376 -0.0156772 0.0393395
6.22379 0.110877 0.999952 3.12182 -0.353458 -0.0126589 0.0331573
6.24036 0.104237 0.999977 3.12245 -0.450882 -0.0157086 0.0424766
6.2571 0.0970355 1 3.12312 -0.377076 -0.012535 0.0356924
6.27371 0.0910468 1.00002 3.12369 -0.374429 -0.0119732 0.0356914
6.29043 0.0846164 1.00005 3.12431 -0.3692 -0.011429 0.0355023
6.30677 0.0788586 1.00007 3.12487 -0.333803 -0.00990225 0.0324347
6.32345 0.0731975 1.00009 3.12542 -0.271325 -0.0077045 0.0266892
6.33996 0.0680791 1.00011 3.12593 -0.356058 -0.00981771 0.0354574
6.35648 0.0624352 1.00014 3.12649 -0.294103 -0.00770478 0.0297407
6.37301 0.0575345 1.00016 3.12699 -0.28464 -0.00712914 0.0292648
6.38968 0.0525572 1.00018 3.12751 -0.278253 -0.00671691 0.0291658
6.40637 0.0481054 1.0002 3.12798 -0.250188 -0.00575191 0.0267864
6.42283 0.0438974 1.00021 3.12843 -0.189069 -0.00413526 0.0207687
6.4394 0.040333 1.00023 3.12883 -0.251257 -0.00531622 0.0283238
6.45594 0.0435941 1.00021 3.12846 -0.285968 -0.00619941 0.0330743
6.47261 0.0397654 1.00023 3.12891 -0.213023 -0.00436257 0.0256124
6.48914 0.0360596 1.00025 3.12937 -0.204254 -0.00399764 0.0254732
6.50587 0.0327787 1.00027 3.12979 -0.178969 -0.0032981 0.0232877
6.52233 0.0296398 1.00028 3.13021 -0.198601 -0.00348318 0.027013
6.53892 0.0266125 1.0003 3.13063 -0.157502 -0.00255607 0.0226951
6.55547 0.0253705 1.00031 3.13081 -0.162834 -0.00252226 0.024765
6.57224 0.0228974 1.00032 3.13121 -0.144978 -0.00208995 0.0236548
6.58871 0.02084 1.00034 3.13156 -0.122682 -0.00160303 0.0216816
6.60526 0.0189423 1.00035 3.13191 -0.0999652 -0.00115847 0.0194195
6.62166 0.0172441 1.00037 3.13226 -0.106224 -0.00108444 0.0228437
6.63853 0.0156294 1.00038 3.13263 -0.0771262 -0.000617788 0.0191536
6.65521 0.0146849 1.00039 3.13287 -0.0694962 -0.000406612 0.0200893
6.67168 0.0136955 1.0004 3.1332 -0.0556336 -0.000151625 0.019718
6.68817 0.0129852 1.00042 3.1335 -0.0383817 9.87647e-05 0.0179977
6.70482 0.0124568 1.00043 3.1338 -0.0206832 0.000281077 0.015028
6.72133 0.012084 1.00034 3.13441 -0.0240174 -0.0110961 0.0551163
6.73799 0.011702 1.00009 3.13551 -0.0199933 -0.0238977 0.0918213
6.75461 0.0114114 0.999718 3.13695 -0.0205292 -0.0381217 0.1369
6.77115 0.0110631 0.998925 3.13974 -0.0203896 -0.0523057 0.181392
6.78788 0.010741 0.997953 -3.14012 -0.0190936 -0.0627107 0.212982
6.80466 0.0104235 0.996761 -3.13612 -0.0173973 -0.0688477 0.230603
6.82127 0.0101154 0.99534 -3.13141 -0.0220305 -0.0999859 0.331527
6.83795 0.00979894 0.993662 -3.12588 -0.0200896 -0.101076 0.332937
6.85471 0.0095555 0.992167 -3.121 -0.0224059 -0.119732 0.392256
6.87131 0.00926207 0.989964 -3.11386 -0.0243838 -0.135357 0.441619
6.88794 0.00899344 0.987656 -3.10641 -0.0249446 -0.13745 0.447559
6.90487 0.00872812 0.985113 -3.09821 -0.0262388 -0.140461 0.456578
6.92137 0.00847088 0.982345 -3.08933 -0.0357649 -0.187507 0.609093
6.93782 0.00821646 0.979262 -3.0795 -0.035969 -0.176317 0.573492
6.95472 0.00800994 0.976586 -3.07095 -0.0428388 -0.198559 0.645936
6.97128 0.00776445 0.972999 -3.05952 -0.0490676 -0.214989 0.69876
6.98808 0.00753831 0.969345 -3.04789 -0.0546927 -0.219871 0.718804
7.00469 0.00731911 0.965479 -3.03562 -0.0560439 -0.205909 0.676421
7.02139 0.00710181 0.961319 -3.02244 -0.0778582 -0.269219 0.887122
7.03796 0.0069031 0.956803 -3.00813 -0.0785966 -0.245353 0.8148
7.05472 0.00673534 0.953027 -2.99617 -0.0931981 -0.26989 0.901974
7.07136 0.00652688 0.948005 -2.98029 -0.105805 -0.285822 0.96169
7.08827 0.00633544 0.942978 -2.96439 -0.114209 -0.280794 0.956872
7.10502 0.00615327 0.937747 -2.94789 -0.118044 -0.26438 0.912759
7.12152 0.0059733 0.932233 -2.93051 -0.159011 -0.33407 1.16596
7.13816 0.00583071 0.926266 -2.91169 -0.155755 -0.294725 1.04949
7.15487 0.00569605 0.921422 -2.89634 -0.182125 -0.320577 1.16016
7.17138 0.0055201 0.91503 -2.87626 -0.202041 -0.331988 1.22316
7.188 0.00536204 0.908761 -2.85655 -0.211671 -0.317039 1.19979
7.20452 0.00521471 0.902303 -2.83621 -0.209032 -0.285414 1.11694
7.22121 0.00506443 0.895469 -2.81469 -0.282858 -0.361814 1.44333
7.23771 0.00497409 0.888129 -2.79166 -0.270937 -0.311805 1.29767
7.25458 0.00486364 0.8819 -2.77202 -0.307087 -0.325325 1.40468
7.27108 0.00471253 0.874106 -2.7476 -0.335016 -0.329119 1.47479
7.28777 0.00457966 0.866481 -2.72365 -0.34242 -0.303092 1.43557
7.30436 0.00445848 0.858657 -2.6991 -0.330802 -0.262842 1.33025
7.32102 0.00433345 0.850545 -2.67359 -0.442082 -0.324683 1.72083
7.33783 0.00429485 0.841656 -2.64563 -0.41376 -0.265368 1.54167
7.35442 0.00421089 0.83436 -2.62286 -0.458356 -0.263277 1.65822
7.37112 0.00407785 0.82506 -2.5937 -0.491519 -0.253428 1.73383
7.38817 0.00396363 0.815942 -2.565 -0.49467 -0.217289 1.69428
7.40489 0.00386373 0.806671 -2.53601 -0.470217 -0.171923 1.56917
7.42161 0.00375817 0.797014 -2.50577 -0.609414 -0.192186 2.00252
7.43855 0.00376821 0.786634 -2.47319 -0.555463 -0.130995 1.78815
7.45658 0.00369925 0.778392 -2.44738 -0.621881 -0.112506 1.98029
7.47315 0.00365502 0.768579 -2.41676 -0.602389 -0.0666445 1.89827
7.48983 0.00353812 0.757521 -2.38207 -0.635001 -0.035635 1.99096
7.50653 0.00345261 0.746923 -2.34899 -0.614425 0.0101666 1.8965
7.52314 0.00337363 0.736115 -2.31638 -0.521584 0.0460279 1.54632
7.53989 0.00328239 0.725703 -2.28622 -0.739481 0.0990805 2.11887
7.55702 0.0033542 0.713313 -2.25138 -0.649757 0.140043 1.8013
7.57344 0.00332203 0.702564 -2.22244 -0.665189 0.187871 1.79851
7.58991 0.00321675 0.690293 -2.1913 -0.681959 0.22958 1.79744
7.6068 0.00313922 0.678225 -2.16191 -0.642438 0.263681 1.65951
7.62323 0.00306994 0.666216 -2.13387 -0.531766 0.257701 1.35153
7.64 0.0029869 0.65446 -2.10755 -0.73612 0.393436 1.83488
7.65675 0.003065 0.640901 -2.078 -0.62681 0.39216 1.54877
7.67333 0.00304074 0.628612 -2.05236 -0.625388 0.441075 1.53666
7.68993 0.00294276 0.614831 -2.02544 -0.631792 0.487396 1.53444
7.70658 0.00287284 0.601633 -2.0007 -0.577645 0.498727 1.4002
7.72342 0.00280578 0.588067 -1.97633 -0.479235 0.460104 1.16471
7.73996 0.00273094 0.575142 -1.95418 -0.643406 0.660672 1.55067
7.75667 0.00280301 0.560205 -1.92933 -0.534674 0.615923 1.30312
7.77339 0.00278143 0.546451 -1.9075 -0.522125 0.661974 1.28443
7.78989 0.00269184 0.531402 -1.88518 -0.519031 0.708301 1.27749
7.80665 0.00262734 0.516822 -1.86455 -0.46653 0.701741 1.16798
7.82309 0.00256804 0.502221 -1.84484 -0.362761 0.600678 0.924168
7.83973 0.00249821 0.489125 -1.82778 -0.443249 0.780478 1.15473
7.85635 0.00253334 0.474387 -1.80891 -0.391565 0.762995 1.0772
7.87315 0.00251148 0.459924 -1.79084 -0.35472 0.763935 1.03297
7.8899 0.00242858 0.444833 -1.77258 -0.336696 0.78415 1.02054
7.90664 0.00236719 0.430922 -1.75612 -0.286274 0.740019 0.924818
7.92341 0.00230894 0.417085 -1.74026 -0.220568 0.634967 0.761155
7.94007 0.0022451 0.404259 -1.72599 -0.275448 0.853982 0.988504
7.95693 0.00227037 0.389703 -1.71007 -0.209841 0.74114 0.821069
7.97383 0.00223508 0.377089 -1.6967 -0.189246 0.750198 0.796367
7.99035 0.00216192 0.363695 -1.6832 -0.174479 0.760815 0.775795
8.00691 0.0021031 0.35121 -1.67109 -0.142833 0.710793 0.692689
8.02352 0.0020481 0.338875 -1.65955 -0.104815 0.600524 0.558338
8.04019 0.00198911 0.327167 -1.64907 -0.126054 0.797569 0.708339
8.05685 0.00198527 0.314252 -1.63788 -0.0896461 0.682044 0.571512
8.07336 0.00194714 0.303135 -1.62871 -0.0761089 0.68531 0.543361
8.09026 0.00188129 0.290904 -1.61937 -0.0659315 0.68628 0.512364
8.10672 0.00182751 0.279814 -1.61147 -0.0501546 0.642074 0.448242
8.12358 0.00177495 0.268671 -1.604 -0.03372 0.547262 0.353687
8.14026 0.00172182 0.25821 -1.59753 -0.0369257 0.715964 0.427477
8.1568 0.00169675 0.24683 -1.5909 -0.0218899 0.608391 0.327468
8.1736 0.00165474 0.236781 -1.58557 -0.0149387 0.610249 0.294702
8.19027 0.00159842 0.226099 -1.58079 -0.0102938 0.613262 0.261155
8.20687 0.00155005 0.216375 -1.57698 -0.00457102 0.566862 0.207143
8.22326 0.00150299 0.206801 -1.57381 -0.000449032 0.468021 0.141131
8.23992 0.0014568 0.197797 -1.57141 0.00178115 0.626835 0.148285
8.25707 0.00141435 0.187519 -1.56916 0.00435742 0.532554 0.0840375
8.27395 0.00137181 0.178835 -1.56789 0.00582165 0.532678 0.0454225
8.29006 0.00132562 0.169861 -1.56754 0.00617524 0.532231 0.00611503
8.30674 0.00128198 0.161339 -1.56756 0.00568861 0.490249 -0.00178154
8.32359 0.00123882 0.152899 -1.56759 0.00475675 0.412891 -0.00158183
8.34024 0.00119887 0.14507 -1.56762 0.00615707 0.537099 -0.00205443
8.35717 0.00115463 0.136408 -1.56765 0.00515303 0.453227 -0.00172672
8.37342 0.0011182 0.129253 -1.56768 0.00511035 0.451908 -0.00172472
8.39002 0.00107844 0.121426 -1.56771 0.00504357 0.447809 -0.00171002
8.40677 0.00104178 0.114216 -1.56774 0.00460644 0.410984 -0.00157335
8.42362 0.00100583 0.107156 -1.56777 0.00382013 0.342266 -0.00130288
8.44486 0.000964178 0.0989974 -1.5678 0.00386887 0.347909 -0.00133117
8.45714 0.000940961 0.0944675 -1.56781 0.00447422 0.403072 -0.00156344
8.47442 0.000909417 0.088337 -1.56784 0.00416579 0.376155 -0.00146351
8.49087 0.000876165 0.0819193 -1.56786 0.00414732 0.374646 -0.00147056
8.50878 0.000843231 0.075612 -1.56789 0.00384419 0.347506 -0.0013824
8.52572 0.000812842 0.0698431 -1.56791 0.00344751 0.311562 -0.00124849
8.5426 0.000783556 0.0643377 -1.56793 0.00261872 0.236302 -0.000958646
8.55908 0.000759199 0.059813 -1.56795 0.00366177 0.329648 -0.00135258
8.57584 0.000752626 0.0586233 -1.56796 0.00373706 0.334582 -0.00139289
8.59244 0.000725128 0.053644 -1.56798 0.00345258 0.307449 -0.00130338
8.60921 0.000698985 0.0490255 -1.568 0.00312927 0.277071 -0.00119928
8.62569 0.00067364 0.0446245 -1.56802 0.00277013 0.243529 -0.00107747
8.64252 0.0006484 0.0403329 -1.56804 0.00318863 0.277792 -0.0012593
8.6591 0.000622678 0.0360562 -1.56806 0.0026479 0.228209 -0.00106604
8.6757 0.000608223 0.0337157 -1.56807 0.00278319 0.236966 -0.00113713
8.69218 0.000584526 0.0300307 -1.56809 0.00265812 0.222852 -0.00110697
8.70892 0.000562535 0.0267307 -1.5681 0.00239009 0.196815 -0.001018
8.72559 0.000540881 0.0235959 -1.56812 0.00208215 0.167844 -0.00090832
8.74207 0.000519298 0.0206175 -1.56814 0.00240467 0.189303 -0.00107215
8.75885 0.000497342 0.0176992 -1.56815 0.00196826 0.150156 -0.000903496
8.7756 0.000487038 0.0164074 -1.56816 0.00208803 0.154232 -0.000982258
8.79199 0.000467084 0.0141069 -1.56818 0.00194697 0.137961 -0.000943733
8.80847 0.000448726 0.012143 -1.56819 0.00172395 0.116216 -0.000864153
8.82529 0.000430259 0.0103195 -1.5682 0.00148052 0.0938159 -0.000770081
8.84185 0.000412062 0.00870621 -1.56822 0.00169872 0.100318 -0.000916054
8.85851 0.000393498 0.00719932 -1.56823 0.00136487 0.0726598 -0.000770877
8.87512 0.000381824 0.00637193 -1.56824 0.00138314 0.065691 -0.000815101
8.89169 0.000364788 0.00544103 -1.56826 0.00128482 0.0517942 -0.000796677
8.90842 0.000349063 0.0047763 -1.56827 0.00111442 0.0352087 -0.000730612
8.92512 0.000333637 0.00431329 -1.56828 0.000929873 0.0196921 -0.000650732
8.94164 0.00031838 0.0040773 -1.56829 0.00104316 0.00997296 -0.000779679
8.95872 0.00030764 0.0039694 -1.5683 0 0 0
8.97539 0.00030764 0.0039694 -1.5683 0 0 0
8.99211 0.00030764 0.0039694 -1.5683 0 0 0
