# Trajectory Log File
# Format: timestamp(s) x(m) y(m) theta(rad) vx(m/s) vy(m/s) omega(rad/s)
# WAYPOINTS
# WP 0 0 0 0
# WP 1 0.8 -0.6 0
# WP 2 1 -0.4 0.785
# WP 3 1.2 -0.6 0
# WP 4 1 -0.8 -0.785
# WP 5 0.8 -0.6 0
# TRAJECTORY_TYPE 4
# DATA_START
0.0564351 0.0020959 -0.00157194 0 0 0 0
0.103884 0.00778232 -0.00583679 0 0 0 0
0.115538 0.0100806 -0.00756052 0 0 0 0
0.131986 0.0133597 -0.0100198 0 0 0 0
0.210213 0.0352319 -0.0264241 0 0 0 0
0.242819 0.0475698 -0.0356776 0 0 0 0
0.273324 0.0582347 -0.0436764 0 0 0 0
0.294536 0.0685942 -0.0514461 0 0 0 0
0.315842 0.0790531 -0.0592903 0 0 0 0
0.334011 0.0881573 -0.0661185 0 0 0 0
0.360251 0.103368 -0.0775266 0 0 0 0
0.379203 0.114301 -0.0857267 0 0 0 0
0.396922 0.120532 -0.0903996 0 0 0 0
0.414713 0.132063 -0.0990481 0 0 0 0
0.432819 0.145518 -0.109139 0 0 0 0
0.450179 0.157975 -0.118482 0 0 0 0
0.468053 0.172698 -0.129524 0 0 0 0
0.486296 0.189127 -0.141846 0 0 0 0
0.503433 0.203496 -0.152623 0 0 0 0
0.521347 0.214836 -0.161129 0 0 0 0
0.539941 0.223095 -0.167355 0 0 0 0
0.558361 0.241647 -0.181266 0 0 0 0
0.576264 0.255374 -0.191559 0 0 0 0
0.594337 0.272367 -0.2043 0 0 0 0
0.612393 0.291949 -0.218984 0 0 0 0
0.630215 0.311752 -0.233833 0 0 0 0
0.648438 0.332003 -0.24902 0 0 0 0
0.665754 0.351589 -0.263708 0 0 0 0
0.682493 0.369441 -0.277095 0 0 0 0
0.701166 0.392834 -0.294638 0 0 0 0
0.718274 0.413958 -0.31048 0 0 0 0
0.735437 0.429395 -0.322056 0 0 0 0
0.752865 0.449058 -0.336802 0 0 0 0
0.770664 0.467575 -0.350689 0 0 0 0
0.788902 0.48703 -0.36528 0 0 0 0
0.806983 0.505737 -0.37931 0 0 0 0
0.824917 0.523589 -0.392698 0 0 0 0
0.843177 0.541212 -0.405915 0 0 0 0
0.861131 0.553787 -0.415345 0 0 0 0
0.87854 0.570781 -0.42809 0 0 0 0
0.895993 0.58116 -0.435874 0 0 0 0
0.913157 0.594878 -0.446163 0 0 0 0
0.929702 0.608543 -0.456411 0 0 0 0
0.948519 0.624817 -0.468616 0 0 0 0
0.965248 0.638055 -0.478544 0 0 0 0
0.983519 0.652213 -0.489163 0 0 0 0
1.00028 0.660923 -0.495695 0 0 0 0
1.01839 0.674119 -0.505592 0 0 0 0
1.03722 0.683756 -0.512819 0 0 0 0
1.05426 0.693009 -0.519759 0 0 0 0
1.07128 0.702868 -0.527153 0 0 0 0
1.08943 0.713466 -0.535102 0 0 0 0
1.10726 0.723287 -0.542467 0 0 0 0
1.1244 0.732002 -0.549003 0 0 0 0
1.14176 0.741271 -0.555955 0 0 0 0
1.15876 0.749159 -0.561871 0 0 0 0
1.17665 0.753815 -0.565362 0 0 0 0
1.19424 0.760359 -0.57027 0 0 0 0
1.2108 0.76602 -0.574516 0 0 0 0
1.22907 0.772422 -0.579317 0 0 0 0
1.24791 0.778766 -0.584075 0 0 0 0
1.2652 0.783148 -0.587362 0 0 0 0
1.28194 0.78648 -0.589861 0 0 0 0
1.30028 0.788544 -0.591409 0 0 0 0
1.31738 0.786971 -0.590229 0 0 0 0
1.3342 0.789618 -0.592214 0 0 0 0
1.35171 0.792594 -0.594446 0 0 0 0
1.37049 0.795059 -0.596294 0 0 0 0
1.3876 0.796483 -0.597363 0 0 0 0
1.40599 0.797694 -0.598271 0 0 0 0
1.42409 0.798226 -0.598669 0 0 0 0
1.44109 0.798226 -0.598669 0 0 0 0
1.4596 0.798226 -0.598669 0 0 0 0
1.47746 0.798226 -0.598669 0 0 0 0
